13500 2440
1819 1 785 392 0 1 2
1820 1 785 392 1 1 8
1821 1 785 392 1 3 10
1822 98 785 392 0 6 3
1823 68 972 583 0 6 9
1824 33 972 583 0 5 12
1825 2 972 583 0 1 12
1826 1 972 583 0 5 8
1827 1 1167 583 0 6 13
1828 1 1167 583 0 5 12
1829 195 1167 583 0 6 6
1830 2 1167 583 0 4 10
1831 5 2526 2020 0 3 12
1832 165 2526 2020 0 4 9
1833 1 2526 2020 0 3 6
1834 1 2526 2020 0 4 11
1835 1 1413 1130 0 6 2
1836 20 1413 1130 0 2 9
1837 1 1413 1130 0 6 2
1838 134 1413 1130 0 5 3
1839 1 1160 696 0 4 7
1840 41 1160 696 1 1 7
1841 1 1160 696 0 5 5
1842 178 1160 696 0 6 4
1843 1 989 494 0 3 1
1844 1 1083 649 0 4 3
1845 128 1544 1080 0 2 8
1846 6 1624 812 0 4 13
1847 44 1327 928 0 2 11
1848 2 782 547 0 2 1
1849 153 951 665 0 5 4
1850 1 1189 594 0 2 5
1851 1 1723 1378 1 1 7
1852 5 985 591 1 3 7
1853 5 1293 1034 0 2 2
1854 176 1513 1210 1 6 10
1855 1 1174 587 0 6 2