13500 2440
4837 2 1164 582 0 1 12
4838 2 1164 582 0 2 1
4839 6 1164 582 0 1 12
4840 5 1164 582 0 6 1
4841 52 1164 582 0 4 8
4842 2 1164 582 0 5 10
4843 5 1164 582 1 2 9
4844 82 1164 582 0 4 7
4845 2 1164 582 0 3 3
4846 215 1160 812 0 1 5
4847 103 1160 812 1 2 7
4848 1 1160 812 0 6 7
4849 1 1160 812 1 5 9
4850 73 1160 812 0 2 1
4851 1 1160 812 0 5 5
4852 167 1160 812 0 6 2
4853 1 1160 812 0 1 11
4854 1 1160 812 0 5 8
4855 1 1191 595 0 1 1
4856 1 1191 595 0 1 13
4857 1 1191 595 0 4 4
4858 2 1191 595 1 2 12
4859 2 1191 595 0 3 6
4860 1 1191 595 0 5 11
4861 1 1191 595 0 1 7
4862 1 1191 595 0 5 13
4863 1 1191 595 0 6 8
4864 197 1407 703 0 2 11
4865 1 1407 703 0 4 5
4866 2 1407 703 0 5 12
4867 5 1407 703 1 6 5
4868 50 1407 703 0 1 9
4869 119 1407 703 1 4 5
4870 4 1407 703 0 5 10
4871 1 1407 703 1 2 4
4872 1 1407 703 0 3 2
4873 141 822 411 1 5 12
4874 5 822 411 0 5 9
4875 3 822 411 0 5 12
4876 1 822 411 0 1 11
4877 5 822 411 0 6 2
4878 2 822 411 0 1 8
4879 42 822 411 1 6 6
4880 1 822 411 0 1 1
4881 1 822 411 0 5 8
4882 1 966 676 1 1 6
4883 2 966 676 0 4 3
4884 1 966 676 0 5 8
4885 1 966 676 0 4 9
4886 2 966 676 1 1 9
4887 4 966 676 0 3 9
4888 4 966 676 0 2 11
4889 1 966 676 0 1 2
4890 3 966 676 1 3 4
4891 2 926 740 0 3 9
4892 2 891 534 0 2 5
4893 6 1160 928 1 4 5
4894 2 1193 715 0 5 2
4895 1 2303 1842 0 3 5
4896 98 872 523 0 6 1
4897 5 798 399 0 6 4
4898 1 1219 609 1 2 11
4899 2 2271 1589 0 2 5
4900 1 1375 825 0 2 7
4901 5 1213 606 0 6 7
4902 6 1384 968 0 2 11
4903 33 1173 586 0 3 11
4904 47 1793 1255 0 2 4
4905 49 1351 810 0 4 9
4906 1 2123 1486 0 6 4
4907 34 1162 581 0 6 8
4908 1 970 776 0 4 9
4909 50 1120 784 0 1 12
4910 77 898 718 0 3 7
4911 55 805 563 0 2 11
4912 3 999 799 0 1 7
4913 1 1159 811 0 6 1