13500 2440
448 1 2568 2054 0 6 5
449 1 2568 2054 1 4 3
450 2 2568 2054 1 3 10
451 95 2568 2054 0 3 6
452 51 2568 2054 0 4 11
453 1 2568 2054 0 1 1
454 75 1294 1035 0 3 1
455 1 1294 1035 0 6 7
456 3 1294 1035 1 1 7
457 3 1294 1035 0 3 6
458 2 1294 1035 0 5 10
459 1 1294 1035 0 2 11
460 2 1037 829 0 3 5
461 1 1037 829 0 1 11
462 1 1037 829 0 3 9
463 2 1037 829 0 3 12
464 1 1037 829 0 2 7
465 2 1037 829 0 5 3
466 6 1227 736 0 3 5
467 1 1227 736 0 6 10
468 123 1227 736 0 1 9
469 5 1227 736 0 1 7
470 2 1227 736 0 4 11
471 4 1227 736 0 2 1
472 1 1174 587 0 2 3
473 2 1174 587 0 6 8
474 4 1174 587 1 1 7
475 6 1174 587 0 4 7
476 5 1174 587 0 3 12
477 84 1174 587 0 3 12
478 1 1281 640 0 1 13
479 2 1281 640 1 6 11
480 5 1281 640 0 2 4
481 24 1281 640 0 3 11
482 139 1281 640 0 2 10
483 6 1281 640 0 4 8
484 1 1033 619 0 4 13
485 1 1415 849 0 2 12
486 3 939 751 0 4 13
487 1 1368 957 1 4 8
488 1 1313 919 0 4 8
489 53 2296 1836 0 1 7
490 2 1172 937 0 6 10
491 1 1441 1152 0 1 9
492 2 1211 726 0 5 8
493 2 1087 869 0 2 10
494 4 919 459 0 6 8
495 1 1172 937 0 6 11
496 1 1147 917 1 2 5
497 1 2068 1240 0 2 9
498 1 1129 790 0 6 7
499 212 908 454 0 6 2
500 2 1188 831 0 2 11
501 1 807 403 0 2 7