13500 2440
181 3 1213 727 0 4 4
182 1 1213 727 0 6 12
183 2 1213 727 0 4 2
184 2 1213 727 0 1 1
185 1 1156 693 0 2 1
186 55 1156 693 0 4 1
187 118 1156 693 0 6 11
188 1 1156 693 1 6 12
189 1 1469 734 0 6 1
190 1 1469 734 0 2 9
191 73 1469 734 0 2 3
192 1 1469 734 0 6 2
193 134 2058 1646 0 5 1
194 194 2058 1646 0 1 11
195 2 2058 1646 0 5 13
196 2 2058 1646 0 6 9
197 1 826 495 1 1 11
198 1 826 495 0 4 11
199 1 826 495 0 4 3
200 1 826 495 0 5 1
201 1 2030 1218 0 5 1
202 4 2030 1218 0 5 1
203 1 2030 1218 0 4 12
204 2 2030 1218 0 4 8
205 2 888 532 0 3 4
206 2 1205 964 0 5 8
207 85 981 490 0 3 2
208 1 916 458 0 5 1
209 1 858 686 0 4 9
210 2 1169 935 0 1 3
211 146 1163 697 0 1 13
212 4 1123 898 0 5 8
213 1 1349 809 1 3 13