13500 2440
214 1 1213 970 0 1 3
215 1 1213 970 0 5 1
216 55 1213 970 0 4 1
217 2 1213 970 0 1 3
218 25 1213 970 0 4 9
219 1 1213 970 1 4 12
220 142 1213 970 0 4 1
221 6 1213 970 0 2 5
222 1 1213 970 1 5 9
223 6 1213 970 0 5 7
224 81 1213 970 1 6 4
225 2 2022 1011 0 3 1
226 1 2022 1011 0 4 11
227 70 2022 1011 0 2 1
228 34 2022 1011 0 6 7
229 1 2022 1011 0 4 11
230 2 2022 1011 0 3 5
231 2 2022 1011 0 2 7
232 2 2022 1011 0 4 3
233 1 2022 1011 0 2 11
234 197 2022 1011 0 4 1
235 1 2022 1011 0 5 3
236 1 1664 1164 0 3 5
237 13 1664 1164 0 1 3
238 2 1664 1164 0 1 7
239 1 1664 1164 0 3 5
240 1 1664 1164 0 2 4
241 2 1664 1164 0 4 7
242 1 1664 1164 0 3 11
243 3 1664 1164 0 1 10
244 1 1664 1164 1 2 11
245 1 1664 1164 0 5 13
246 1 1664 1164 0 6 6
247 1 1191 714 1 4 8
248 1 1191 714 0 1 13
249 211 1191 714 0 4 5
250 4 1191 714 0 2 12
251 3 1191 714 0 4 6
252 1 1191 714 0 4 6
253 1 1191 714 0 4 4
254 192 1191 714 0 2 4
255 2 1191 714 0 3 13
256 2 1191 714 0 6 11
257 1 1191 714 0 4 6
258 1 910 455 1 3 11
259 2 910 455 0 3 13
260 1 910 455 0 2 5
261 189 910 455 0 6 1
262 1 910 455 0 6 8
263 103 910 455 0 6 10
264 6 910 455 0 5 7
265 6 910 455 1 6 5
266 128 910 455 0 5 9
267 14 910 455 0 1 5
268 191 910 455 0 4 11
269 2 999 499 1 6 9
270 10 999 499 0 1 4
271 68 999 499 0 3 13
272 211 999 499 0 2 12
273 4 999 499 1 2 7
274 1 999 499 0 5 11
275 1 999 499 0 2 4
276 65 999 499 0 4 1
277 3 999 499 0 3 2
278 146 999 499 0 4 11
279 2 999 499 0 4 11
280 1 1176 823 0 1 2
281 2 1194 955 0 2 1
282 142 2164 1082 0 6 12
283 1 1181 590 0 6 8
284 5 1208 604 0 5 12
285 1 863 431 0 3 5
286 169 1010 606 0 1 13
287 60 1859 929 0 1 1
288 3 1396 977 0 3 12
289 1 818 409 0 5 1
290 2 787 629 0 6 12
291 79 1398 1118 0 6 10
292 2 1398 1118 0 2 3
293 3 1184 592 0 4 6
294 2 913 730 0 1 12
295 2 1211 726 0 4 3
296 1 1177 941 0 4 3
297 2 1261 1008 0 6 11
298 188 1938 1162 0 5 7
299 2 1384 830 0 2 1
300 52 1161 928 0 3 9
301 1 1651 825 0 3 13