13500 2440
1776 1 1168 700 1 4 6
1777 1 1168 700 0 3 2
1778 152 1168 700 0 5 2
1779 2 1168 700 0 1 12
1780 193 1168 700 0 5 12
1781 18 1160 928 0 1 13
1782 2 1160 928 0 1 3
1783 155 1160 928 0 2 8
1784 1 1160 928 0 5 12
1785 1 1160 928 0 5 9
1786 5 1308 784 0 5 6
1787 81 1308 784 1 6 12
1788 74 1308 784 0 5 11
1789 87 1308 784 0 2 11
1790 1 1308 784 0 1 3
1791 1 1186 948 0 2 2
1792 196 1186 948 0 6 6
1793 6 1186 948 0 1 4
1794 1 1186 948 0 2 12
1795 1 1186 948 0 4 5
1796 182 1165 932 0 5 11
1797 99 1165 932 0 5 10
1798 4 1165 932 0 3 3
1799 6 1165 932 0 1 10
1800 4 1165 932 1 3 2
1801 1 830 581 0 4 8
1802 1 830 581 0 5 13
1803 6 830 581 0 2 1
1804 1 830 581 0 3 8
1805 2 830 581 0 1 5
1806 1 1121 784 0 4 8
1807 1 1204 842 0 3 10
1808 218 1170 819 0 4 3
1809 199 2349 1174 0 6 3
1810 209 1194 835 0 6 5
1811 2 2363 1181 0 2 7
1812 2 1042 833 0 3 12
1813 6 939 751 0 6 3
1814 2 1192 715 0 5 12
1815 1 990 594 0 3 10
1816 1 1167 933 0 3 2
1817 1 1311 786 0 1 10
1818 1 984 787 0 3 1