13500 2440
2265 1 839 419 0 1 12
2266 3 839 419 0 5 11
2267 1 839 419 0 5 4
2268 1 839 419 0 2 6
2269 2 839 419 0 3 13
2270 5 839 419 1 4 4
2271 6 839 419 0 5 12
2272 2 839 419 0 2 8
2273 3 839 419 0 4 2
2274 1 839 419 0 5 12
2275 6 1289 644 0 3 10
2276 1 1289 644 0 1 3
2277 5 1289 644 0 2 13
2278 153 1289 644 0 4 12
2279 102 1289 644 0 1 5
2280 2 1289 644 0 4 4
2281 15 1289 644 0 3 8
2282 5 1289 644 0 1 6
2283 136 1289 644 0 5 1
2284 1 1289 644 1 6 13
2285 3 1305 913 0 4 4
2286 1 1305 913 0 3 8
2287 1 1305 913 1 3 10
2288 63 1305 913 0 5 10
2289 1 1305 913 0 2 12
2290 4 1305 913 0 6 11
2291 4 1305 913 0 3 7
2292 1 1305 913 1 4 2
2293 1 1305 913 0 4 8
2294 1 1305 913 1 5 13
2295 1 2305 1383 1 6 5
2296 4 2305 1383 0 3 13
2297 42 2305 1383 0 6 5
2298 212 2305 1383 0 1 1
2299 3 2305 1383 0 3 4
2300 6 2305 1383 0 5 1
2301 1 2305 1383 0 5 5
2302 2 2305 1383 0 1 10
2303 1 2305 1383 0 2 13
2304 1 2305 1383 0 5 12
2305 48 2549 1529 1 2 3
2306 1 2549 1529 0 4 1
2307 67 2549 1529 0 2 1
2308 6 2549 1529 0 5 6
2309 1 2549 1529 0 6 13
2310 4 2549 1529 0 5 13
2311 3 2549 1529 0 3 13
2312 2 2549 1529 0 2 5
2313 1 2549 1529 1 6 7
2314 1 2549 1529 0 3 4
2315 3 1246 623 0 5 13
2316 1 1246 623 0 5 1
2317 1 1246 623 0 4 6
2318 1 1246 623 0 5 13
2319 18 1246 623 0 2 4
2320 1 1246 623 1 6 9
2321 4 1246 623 0 3 5
2322 2 1246 623 0 5 6
2323 110 1246 623 1 1 7
2324 2 1246 623 0 3 10
2325 21 1224 979 0 5 9
2326 2 2003 1001 0 3 5
2327 27 890 534 0 4 10
2328 163 947 662 0 3 4
2329 116 1244 622 0 1 11
2330 13 1743 1045 0 6 3
2331 2 1664 832 0 5 5
2332 1 809 647 0 1 8
2333 105 2249 1349 0 4 12
2334 39 923 553 0 3 3
2335 3 2064 1651 0 6 8
2336 45 1373 1098 0 6 11
2337 2 1022 715 0 1 1
2338 1 1895 947 0 4 6
2339 1 1312 656 0 3 10
2340 3 1161 696 0 1 8
2341 3 1161 696 0 4 12
2342 1 1295 647 0 5 11
2343 1 785 392 0 2 13
2344 6 1198 599 1 6 4
2345 2 1542 1079 0 5 2
2346 5 1157 694 0 1 5
2347 1 821 574 1 5 9
2348 2 1417 708 0 6 5
2349 1 1275 1020 1 4 5
2350 150 1180 590 0 2 1