13500 2440
4113 1 1188 594 0 5 4
4114 6 1188 594 0 4 3
4115 177 1188 594 0 2 4
4116 1 1188 594 0 1 13
4117 1 1188 594 0 2 2
4118 29 1188 594 0 6 5
4119 39 1188 594 0 6 11
4120 4 1188 594 0 1 12
4121 1 1188 594 0 1 6
4122 182 1169 818 0 5 4
4123 172 1169 818 0 5 13
4124 1 1169 818 0 1 7
4125 5 1169 818 1 2 2
4126 191 1169 818 0 6 11
4127 127 1169 818 0 6 7
4128 2 1169 818 0 1 6
4129 3 1169 818 0 2 1
4130 1 1169 818 0 2 11
4131 2 1190 595 0 3 8
4132 1 1190 595 0 2 12
4133 1 1190 595 0 3 8
4134 1 1190 595 0 1 13
4135 2 1190 595 0 3 6
4136 1 1190 595 0 6 3
4137 1 1190 595 0 6 12
4138 1 1190 595 0 4 13
4139 1 1190 595 0 3 5
4140 2 1171 702 0 6 13
4141 1 1171 702 0 6 2
4142 2 1171 702 0 5 1
4143 61 1171 702 0 6 12
4144 1 1171 702 0 1 1
4145 2 1171 702 0 1 9
4146 2 1171 702 0 5 10
4147 1 1171 702 0 4 5
4148 1 1171 702 0 5 12
4149 166 2525 1767 0 2 12
4150 143 2525 1767 0 2 8
4151 30 2525 1767 0 4 9
4152 57 2525 1767 0 6 4
4153 6 2525 1767 0 2 13
4154 1 2525 1767 1 6 8
4155 5 2525 1767 0 3 5
4156 48 2525 1767 0 3 8
4157 6 2525 1767 0 1 10
4158 1 1237 865 0 4 5
4159 64 1237 865 0 5 9
4160 1 1237 865 0 4 10
4161 34 1237 865 0 1 12
4162 2 1237 865 0 5 5
4163 2 1237 865 1 5 1
4164 1 1237 865 1 2 9
4165 2 1237 865 0 1 6
4166 1 1237 865 0 2 5
4167 1 1181 590 1 3 6
4168 6 1169 701 0 6 9
4169 1 1516 758 0 3 3
4170 1 1608 1286 0 4 13
4171 68 2467 1480 0 3 9
4172 1 1459 1167 0 1 1
4173 4 1559 1091 0 1 12
4174 2 1232 616 0 2 2
4175 164 2498 1748 0 4 12
4176 1 1977 1383 0 1 8
4177 2 1580 1264 1 1 12
4178 184 1168 817 0 6 6
4179 1 821 410 0 5 9
4180 6 803 401 1 5 7
4181 1 2481 1984 0 2 9
4182 1 1190 833 0 4 9
4183 6 915 457 0 6 12
4184 6 1234 740 0 4 10
4185 63 1189 951 0 1 5
4186 4 1051 840 0 5 2
4187 6 909 545 0 4 1
4188 29 976 488 0 4 8
4189 196 1176 940 0 1 3
4190 147 1855 1484 0 5 4
4191 1 955 573 0 5 6