13500 2440
1739 1 1184 592 0 1 5
1740 206 1184 592 0 1 1
1741 2 1184 592 0 2 10
1742 132 1184 592 0 2 12
1743 3 1758 1054 0 6 8
1744 6 1758 1054 0 6 10
1745 1 1758 1054 0 1 3
1746 1 1758 1054 0 1 1
1747 50 2161 1080 0 6 5
1748 1 2161 1080 0 5 1
1749 124 2161 1080 0 6 11
1750 2 2161 1080 0 4 5
1751 1 1297 648 1 3 4
1752 1 1297 648 0 4 12
1753 1 1297 648 0 4 13
1754 140 1297 648 0 6 3
1755 2 1534 767 0 3 11
1756 1 1534 767 0 1 3
1757 1 1534 767 0 5 5
1758 1 1534 767 0 5 5
1759 2 1181 590 1 3 9
1760 5 1181 590 0 6 3
1761 1 1181 590 0 1 12
1762 40 1181 590 0 5 12
1763 1 1360 1088 0 5 9
1764 193 1114 557 0 4 7
1765 1 1174 704 0 6 13
1766 2 847 423 0 5 9
1767 1 1053 842 0 5 13
1768 1 1645 987 0 3 7
1769 4 1189 951 0 3 5
1770 2 862 517 0 6 2
1771 4 1195 956 0 3 1
1772 51 1206 844 0 5 7
1773 2 1204 963 0 3 4
1774 1 1134 567 0 2 1
1775 93 1203 721 0 3 7