13500 2440
2572 1 1200 600 0 6 8
2573 2 1200 600 0 4 5
2574 2 1200 600 0 4 9
2575 1 1200 600 0 3 2
2576 1 1200 600 0 4 11
2577 1 1200 600 0 4 4
2578 92 1200 600 0 5 11
2579 3 1200 600 0 1 11
2580 2 2492 1993 1 5 10
2581 1 2492 1993 0 3 13
2582 5 2492 1993 0 1 12
2583 1 2492 1993 0 5 7
2584 2 2492 1993 0 4 10
2585 2 2492 1993 0 4 3
2586 1 2492 1993 1 6 9
2587 1 2492 1993 1 3 8
2588 6 1050 735 0 3 3
2589 1 1050 735 0 6 2
2590 64 1050 735 0 2 4
2591 210 1050 735 1 6 4
2592 2 1050 735 0 4 11
2593 6 1050 735 0 6 12
2594 1 1050 735 0 3 4
2595 170 1050 735 0 1 2
2596 129 1313 919 0 2 9
2597 63 1313 919 1 4 2
2598 1 1313 919 0 2 8
2599 2 1313 919 0 2 12
2600 3 1313 919 0 5 2
2601 132 1313 919 1 1 8
2602 3 1313 919 0 4 2
2603 5 1313 919 0 2 12
2604 68 1101 770 0 5 4
2605 1 1101 770 0 4 11
2606 2 1101 770 0 2 2
2607 1 1101 770 0 3 8
2608 1 1101 770 0 2 8
2609 8 1101 770 0 5 7
2610 2 1101 770 0 1 9
2611 126 1101 770 0 3 1
2612 1 845 422 0 2 4
2613 1 845 422 0 4 1
2614 177 845 422 0 3 6
2615 1 845 422 0 6 9
2616 1 845 422 0 3 13
2617 1 845 422 0 1 10
2618 1 845 422 0 6 12
2619 6 845 422 0 6 1
2620 1 927 556 1 5 3
2621 4 2277 1593 1 3 7
2622 1 1244 870 0 2 11
2623 6 1204 963 1 2 4
2624 1 1181 826 0 3 2
2625 2 877 613 0 6 12
2626 2 1204 722 0 3 2
2627 4 1308 1046 0 4 7
2628 6 2284 1142 0 2 10
2629 2 2398 1199 0 1 5
2630 1 1356 1084 0 4 2
2631 129 1315 1052 1 2 2
2632 212 1561 1092 0 4 13
2633 1 2520 1512 0 2 1
2634 77 1283 898 0 3 6
2635 45 1291 774 0 1 2
2636 3 1199 719 0 4 11
2637 2 1360 816 0 4 7
2638 1 1460 876 0 1 13
2639 1 1373 961 0 1 11
2640 1 1162 697 0 1 2
2641 6 1000 800 0 2 13
2642 1 1360 816 0 5 12