13500 2440
690 185 1162 581 0 2 8
691 25 1162 581 0 5 1
692 4 1162 581 0 6 1
693 2 1162 581 0 6 9
694 1 1162 581 1 2 11
695 5 1162 581 0 2 4
696 47 1162 581 0 4 7
697 53 825 577 0 5 12
698 127 825 577 0 4 12
699 27 825 577 1 1 13
700 9 825 577 0 3 9
701 2 825 577 0 5 11
702 6 825 577 0 5 3
703 4 825 577 0 4 11
704 1 2232 1562 0 1 9
705 5 2232 1562 0 1 12
706 60 2232 1562 1 5 11
707 4 2232 1562 0 5 8
708 2 2232 1562 0 6 3
709 34 2232 1562 0 2 9
710 1 2232 1562 0 4 10
711 1 1458 874 0 2 2
712 59 1458 874 0 2 1
713 2 1458 874 0 6 3
714 2 1458 874 0 4 2
715 5 1458 874 0 6 13
716 1 1458 874 0 5 6
717 1 1458 874 0 2 3
718 6 1420 710 0 4 12
719 5 1420 710 0 2 6
720 160 1420 710 0 1 1
721 215 1420 710 0 4 10
722 3 1420 710 0 3 1
723 1 1420 710 0 5 13
724 1 1420 710 0 6 13
725 1 1028 514 0 3 5
726 1 1028 514 0 4 3
727 1 1028 514 0 3 7
728 1 1028 514 0 4 8
729 5 1028 514 0 6 9
730 5 1028 514 0 6 2
731 1 1028 514 0 4 13
732 1 1555 933 0 5 6
733 1 2492 1744 0 2 7
734 1 1318 1054 0 4 11
735 1 1155 577 0 2 4
736 1 1877 1126 0 2 6
737 69 1510 1208 0 4 8
738 1 1013 607 0 1 11
739 1 1082 865 1 4 4
740 5 1905 952 0 1 9
741 1 783 548 0 5 1
742 118 1038 519 0 3 12
743 1 1879 1315 1 4 3
744 1 1197 718 1 3 11
745 5 1459 875 0 5 9