13500 2440
3199 6 1271 889 0 5 12
3200 1 1271 889 0 6 9
3201 2 1271 889 0 3 8
3202 1 907 453 0 4 9
3203 2 907 453 0 4 8
3204 2 907 453 1 3 3
3205 5 2230 1338 0 5 7
3206 2 2230 1338 0 4 3
3207 5 2230 1338 0 6 6
3208 2 1198 838 0 5 4
3209 2 1198 838 0 6 1
3210 3 1198 838 0 2 2
3211 1 1179 943 0 4 2
3212 6 1179 943 0 2 13
3213 9 1179 943 1 4 5
3214 1 1073 643 0 5 8
3215 6 1073 643 0 1 11
3216 214 1073 643 0 4 10
3217 5 1459 1167 0 2 8
3218 1 2080 1248 0 2 1
3219 11 940 752 0 6 1
3220 1 1434 1003 1 3 3
3221 2 996 597 1 3 12
3222 1 1184 710 0 6 8
3223 1 1620 972 0 5 2
3224 103 1302 781 0 6 8
3225 2 1186 593 0 5 11
3226 2 2387 1670 0 4 10
3227 1 1668 1167 0 5 3
3228 1 1733 1213 1 1 7