13500 2440
1458 6 1373 823 1 2 8
1459 152 1373 823 0 2 12
1460 2 1373 823 0 4 4
1461 3 1355 813 0 6 13
1462 5 1355 813 1 6 3
1463 2 1355 813 0 5 11
1464 39 1035 828 0 5 2
1465 105 1035 828 0 2 7
1466 1 1035 828 0 3 5
1467 2 1179 589 0 3 10
1468 29 1179 589 0 1 3
1469 54 1179 589 0 3 6
1470 1 1323 661 0 4 12
1471 3 1323 661 1 2 9
1472 1 1323 661 0 4 12
1473 2 995 796 0 4 8
1474 1 995 796 0 4 12
1475 2 995 796 0 5 4
1476 2 1353 676 0 5 8
1477 6 869 521 0 2 10
1478 2 1173 586 0 6 4
1479 3 1008 604 0 6 11
1480 85 1956 1564 0 6 5
1481 1 1318 790 0 4 1
1482 1 790 395 0 2 7
1483 1 1936 1355 0 1 11
1484 162 2377 1663 0 5 9
1485 5 1790 1074 0 3 4