13500 2440
502 59 992 595 0 4 6
503 1 992 595 0 6 3
504 2 992 595 1 3 10
505 1 992 595 1 3 11
506 1 992 595 0 1 3
507 5 992 595 0 6 2
508 197 1690 845 0 2 11
509 1 1690 845 0 6 1
510 1 1690 845 0 3 2
511 203 1690 845 0 5 10
512 2 1690 845 0 4 2
513 1 1690 845 1 2 3
514 3 1302 911 0 3 4
515 1 1302 911 0 5 4
516 18 1302 911 0 1 11
517 3 1302 911 0 6 5
518 2 1302 911 0 5 5
519 5 1302 911 1 1 12
520 30 1211 968 0 4 8
521 1 1211 968 0 3 7
522 121 1211 968 0 5 1
523 182 1211 968 0 2 13
524 6 1211 968 1 6 5
525 2 1211 968 0 3 5
526 1 1189 594 0 4 6
527 133 1189 594 0 2 1
528 26 1189 594 0 4 5
529 1 1189 594 0 1 9
530 4 1189 594 0 1 4
531 54 1189 594 0 5 3
532 5 1982 1387 0 2 12
533 1 1982 1387 0 4 6
534 65 1982 1387 0 4 10
535 2 1982 1387 0 4 9
536 6 1982 1387 0 3 5
537 1 1982 1387 0 6 2
538 106 1728 1209 0 3 6
539 3 857 685 0 2 9
540 1 1179 707 0 5 6
541 3 2271 1135 0 4 5
542 1 1171 585 0 3 8
543 1 1181 944 0 5 13
544 1 1411 846 0 5 2
545 5 1447 723 0 2 2
546 1 1191 833 0 2 8
547 140 1185 592 0 2 12
548 13 1178 942 1 5 7
549 13 1135 681 0 1 2
550 1 1001 800 0 2 11
551 1 1413 1130 0 1 5
552 1 892 446 0 2 7
553 3 2420 1452 0 2 13
554 2 1212 727 0 1 4