13500 2440
3264 6 1171 936 0 4 11
3265 2 1171 936 0 3 6
3266 1 1171 936 1 1 7
3267 2 1171 936 0 3 4
3268 5 1171 936 0 3 13
3269 1 1171 936 0 6 9
3270 2 1171 936 0 5 5
3271 65 1171 936 0 3 4
3272 1 1171 936 1 1 11
3273 6 1171 936 0 2 1
3274 1 1045 627 0 6 6
3275 1 1045 627 0 3 1
3276 74 1045 627 1 2 3
3277 1 1045 627 0 4 12
3278 1 1045 627 0 5 8
3279 2 1045 627 0 4 2
3280 86 1045 627 0 5 9
3281 2 1045 627 0 2 10
3282 4 1045 627 0 5 3
3283 42 1045 627 1 1 11
3284 37 1040 832 0 6 7
3285 6 1040 832 0 4 10
3286 102 1040 832 0 3 4
3287 169 1040 832 0 3 8
3288 1 1040 832 1 5 12
3289 1 1040 832 0 2 10
3290 1 1040 832 0 1 13
3291 1 1040 832 0 3 10
3292 6 1040 832 1 1 6
3293 35 1040 832 0 5 10
3294 1 2039 1427 0 6 7
3295 1 2039 1427 1 2 2
3296 3 2039 1427 0 1 4
3297 3 2039 1427 0 3 8
3298 1 2039 1427 0 6 11
3299 2 2039 1427 0 5 2
3300 4 2039 1427 0 2 6
3301 1 2039 1427 1 4 10
3302 2 2039 1427 0 2 3
3303 177 2039 1427 0 6 13
3304 1 1093 546 0 1 2
3305 19 1093 546 0 4 9
3306 1 1093 546 0 1 8
3307 26 1093 546 1 6 2
3308 1 1093 546 1 6 11
3309 87 1093 546 0 2 6
3310 1 1093 546 0 3 8
3311 119 1093 546 0 2 1
3312 2 1093 546 0 3 11
3313 67 1093 546 1 4 7
3314 2 1195 956 0 6 4
3315 2 1195 956 0 3 6
3316 1 1195 956 0 3 1
3317 4 1195 956 0 5 10
3318 3 1195 956 0 1 12
3319 2 1195 956 0 4 3
3320 2 1195 956 0 5 3
3321 2 1195 956 0 1 6
3322 1 1195 956 0 1 7
3323 4 1195 956 0 1 11
3324 122 963 577 0 1 9
3325 3 1320 792 0 3 10
3326 1 1180 590 0 2 3
3327 35 1140 684 0 4 11
3328 5 939 751 0 3 7
3329 1 1041 728 0 1 13
3330 1 2263 1810 0 6 1
3331 1 980 588 0 6 12
3332 1 1274 764 1 3 12
3333 218 1341 670 0 6 5
3334 5 2365 1182 0 3 13
3335 52 1195 597 0 3 13
3336 1 1399 1119 0 5 9
3337 212 2198 1318 0 5 3
3338 1 1133 679 0 4 5
3339 2 1183 591 0 5 2
3340 130 2154 1292 1 6 1
3341 4 1212 606 0 5 13
3342 5 1366 683 0 3 8
3343 2 1349 674 0 6 3
3344 157 1089 762 0 2 6
3345 218 1203 601 0 6 9