13500 2440
354 2 1449 869 0 6 1
355 2 1449 869 0 2 10
356 1 1449 869 0 1 11
357 105 1449 869 0 3 5
358 1 1449 869 0 5 4
359 4 1449 869 0 5 3
360 1 1449 869 0 5 13
361 2 1449 869 0 1 3
362 5 1449 869 0 2 4
363 125 1449 869 0 2 8
364 1 1449 869 0 4 7
365 151 995 696 0 5 4
366 152 995 696 0 2 10
367 2 995 696 0 1 2
368 137 995 696 0 3 7
369 1 995 696 0 6 11
370 1 995 696 0 3 13
371 1 995 696 0 2 3
372 2 995 696 0 2 7
373 1 995 696 0 3 11
374 6 995 696 0 6 12
375 4 995 696 0 6 3
376 1 1161 580 1 5 13
377 1 1161 580 0 5 11
378 2 1161 580 0 5 6
379 6 1161 580 0 1 6
380 4 1161 580 0 2 9
381 87 1161 580 0 6 6
382 5 1161 580 0 1 12
383 2 1161 580 0 3 2
384 6 1161 580 0 4 6
385 1 1161 580 0 4 8
386 1 1161 580 0 4 11
387 3 1333 1066 0 3 4
388 1 1333 1066 0 3 3
389 1 1333 1066 0 4 13
390 3 1333 1066 0 2 5
391 1 1333 1066 0 1 13
392 2 1333 1066 0 5 8
393 6 1333 1066 0 1 11
394 1 1333 1066 0 5 13
395 1 1333 1066 0 3 8
396 3 1333 1066 0 5 1
397 2 1333 1066 0 5 2
398 6 1483 889 0 2 7
399 152 1483 889 1 2 9
400 2 1483 889 0 2 1
401 126 1483 889 0 2 12
402 5 1483 889 0 2 4
403 50 1483 889 0 6 8
404 2 1483 889 0 1 4
405 185 1483 889 0 2 2
406 1 1483 889 0 4 7
407 1 1483 889 0 3 6
408 1 1483 889 1 3 10
409 84 1838 919 0 2 8
410 3 1838 919 0 4 13
411 1 1838 919 0 1 10
412 1 1838 919 0 6 8
413 178 1838 919 0 3 1
414 1 1838 919 0 3 3
415 2 1838 919 1 1 12
416 110 1838 919 0 4 8
417 1 1838 919 0 2 7
418 4 1838 919 0 1 5
419 1 1838 919 0 3 10
420 2 1317 790 0 1 8
421 139 938 562 0 4 6
422 1 985 689 0 2 5
423 1 1498 749 0 2 9
424 5 1124 562 0 2 5
425 3 1125 675 0 4 7
426 2 1140 570 0 6 3
427 1 1304 1043 0 6 7
428 5 1355 1084 1 2 13
429 2 1315 657 0 5 6
430 68 1328 664 0 6 13
431 2 1198 958 0 4 11
432 117 980 490 0 5 6
433 2 1336 935 0 6 8
434 42 1063 850 0 4 5
435 3 1426 998 0 2 4
436 2 2343 1640 0 5 12
437 5 1186 948 0 3 9
438 216 912 729 1 6 11
439 6 1179 825 1 2 2
440 4 1413 847 0 6 3
441 2 2107 1685 0 2 9
442 1 1175 587 0 1 7
443 2 1062 743 0 4 4
444 61 2272 1363 1 2 5
445 2 796 636 0 2 10
446 1 1421 852 0 6 9
447 52 1436 718 0 2 12