13500 2440
2376 2 1333 799 0 1 8
2377 1 1333 799 0 2 3
2378 190 1333 799 0 2 7
2379 98 1451 1160 0 6 6
2380 2 1451 1160 0 6 7
2381 6 1451 1160 1 2 12
2382 1 1197 957 0 1 1
2383 1 1197 957 0 5 3
2384 2 1197 957 1 6 11
2385 2 1307 784 0 2 6
2386 189 1307 784 0 2 9
2387 25 1307 784 0 5 12
2388 170 2176 1088 0 1 5
2389 5 2176 1088 1 4 4
2390 114 2176 1088 0 1 3
2391 6 1411 1128 0 1 1
2392 1 1411 1128 0 1 7
2393 1 1411 1128 0 3 12
2394 2 960 672 0 4 1
2395 1 1400 840 0 1 10
2396 186 2181 1744 0 6 13
2397 1 1472 1030 0 5 2
2398 1 1122 785 0 1 6
2399 1 1190 952 0 6 10
2400 3 1213 727 0 3 12
2401 97 883 529 0 2 1
2402 1 1316 658 1 1 12
2403 2 932 559 0 4 10
2404 1 1818 909 0 1 13
2405 1 2172 1303 0 5 5
2406 1 1198 718 1 2 13