13500 2440
3591 213 2042 1021 0 1 2
3592 52 2042 1021 1 5 8
3593 5 2042 1021 0 5 7
3594 1 2042 1021 0 5 11
3595 1 2042 1021 0 3 11
3596 186 2042 1021 0 4 12
3597 1 2042 1021 0 2 12
3598 2 2042 1021 0 5 11
3599 88 2042 1021 1 3 3
3600 2 2042 1021 0 1 8
3601 1 2042 1021 0 2 13
3602 2 1167 700 0 5 9
3603 1 1167 700 0 4 5
3604 93 1167 700 0 1 4
3605 2 1167 700 0 6 9
3606 1 1167 700 0 4 5
3607 1 1167 700 0 3 8
3608 1 1167 700 0 3 4
3609 6 1167 700 0 5 1
3610 2 1167 700 0 3 7
3611 112 1167 700 0 1 2
3612 1 1167 700 1 1 3
3613 75 1163 930 1 1 9
3614 4 1163 930 0 2 9
3615 1 1163 930 0 3 2
3616 2 1163 930 1 3 5
3617 2 1163 930 0 2 5
3618 5 1163 930 0 6 7
3619 5 1163 930 1 1 13
3620 211 1163 930 0 2 9
3621 1 1163 930 0 4 7
3622 6 1163 930 0 3 5
3623 119 1163 930 0 5 2
3624 1 1293 905 0 2 11
3625 111 1293 905 0 6 13
3626 2 1293 905 0 4 9
3627 15 1293 905 0 6 2
3628 101 1293 905 0 1 6
3629 116 1293 905 0 3 2
3630 1 1293 905 0 4 6
3631 1 1293 905 0 2 5
3632 187 1293 905 0 1 13
3633 147 1293 905 0 3 5
3634 179 1293 905 0 4 11
3635 3 2443 1465 0 2 13
3636 3 2443 1465 0 6 7
3637 3 2443 1465 0 5 9
3638 1 2443 1465 0 1 9
3639 132 2443 1465 1 3 5
3640 50 2443 1465 0 4 5
3641 4 2443 1465 1 4 11
3642 84 2443 1465 0 1 5
3643 5 2443 1465 0 2 5
3644 3 2443 1465 0 5 6
3645 6 2443 1465 0 3 11
3646 1 961 768 1 6 11
3647 2 961 768 0 4 3
3648 108 961 768 0 5 3
3649 4 961 768 0 6 1
3650 2 961 768 1 4 4
3651 211 961 768 0 6 5
3652 5 961 768 0 5 3
3653 3 961 768 0 2 6
3654 1 961 768 0 3 4
3655 1 961 768 1 2 4
3656 114 961 768 0 2 9
3657 5 1195 956 0 2 6
3658 1 1682 841 0 4 10
3659 6 1079 647 0 3 6
3660 1 1470 1176 1 2 2
3661 30 1236 741 1 2 6
3662 120 2238 1566 0 1 9
3663 15 2372 1423 0 1 13
3664 1 1016 812 0 3 6
3665 5 1185 829 1 1 10
3666 1 1258 629 0 5 8
3667 1 1209 967 0 5 13
3668 3 1279 767 0 2 11
3669 2 1189 713 0 1 3
3670 3 2375 1900 1 5 13
3671 1 1366 956 0 3 6
3672 2 900 450 0 2 11
3673 115 1382 829 0 3 12
3674 10 1161 580 0 4 1
3675 208 1091 763 0 2 1
3676 1 1187 949 1 5 10
3677 1 1098 878 1 3 7
3678 1 2229 1337 0 3 4
3679 1 1188 950 0 6 11
3680 135 1340 804 0 2 13
3681 2 1292 1033 0 5 1
3682 2 1043 730 0 2 7