13500 2440
4016 2 1221 610 1 6 4
4017 4 1221 610 0 2 7
4018 1 1221 610 0 4 6
4019 2 1221 610 0 5 6
4020 190 1221 610 0 5 6
4021 1 1221 610 0 4 1
4022 119 1221 610 0 1 10
4023 1 1221 610 0 4 9
4024 1 1221 610 1 3 10
4025 4 1221 610 0 6 10
4026 184 1221 610 0 6 9
4027 1 1221 610 0 3 1
4028 4 1212 969 0 1 4
4029 63 1212 969 0 5 3
4030 4 1212 969 0 2 11
4031 66 1212 969 0 2 12
4032 96 1212 969 1 5 6
4033 2 1212 969 0 2 4
4034 1 1212 969 0 1 9
4035 123 1212 969 0 1 13
4036 1 1212 969 0 3 3
4037 1 1212 969 0 3 2
4038 111 1212 969 1 1 5
4039 1 1212 969 1 5 12
4040 198 784 392 0 6 5
4041 30 784 392 0 5 6
4042 1 784 392 0 3 4
4043 2 784 392 0 4 5
4044 1 784 392 0 5 2
4045 2 784 392 0 5 2
4046 2 784 392 0 2 6
4047 2 784 392 0 2 3
4048 2 784 392 0 6 10
4049 78 784 392 0 2 11
4050 1 784 392 0 3 1
4051 217 784 392 0 6 7
4052 4 1074 859 0 6 9
4053 6 1074 859 1 3 1
4054 182 1074 859 0 3 12
4055 3 1074 859 0 3 5
4056 6 1074 859 0 2 12
4057 1 1074 859 0 3 2
4058 1 1074 859 0 1 4
4059 6 1074 859 0 6 7
4060 2 1074 859 0 5 9
4061 3 1074 859 0 1 1
4062 3 1074 859 0 1 5
4063 4 1074 859 0 5 8
4064 6 2138 1496 0 1 6
4065 1 2138 1496 0 1 8
4066 4 2138 1496 1 2 1
4067 4 2138 1496 0 4 7
4068 1 2138 1496 0 4 2
4069 2 2138 1496 0 5 9
4070 109 2138 1496 0 6 12
4071 4 2138 1496 0 1 3
4072 1 2138 1496 0 6 6
4073 2 2138 1496 1 5 11
4074 18 2138 1496 0 2 3
4075 3 2138 1496 0 2 5
4076 1 2199 1759 0 2 1
4077 4 2199 1759 0 6 11
4078 103 2199 1759 0 6 12
4079 1 2199 1759 0 1 11
4080 185 2199 1759 0 1 3
4081 3 2199 1759 0 5 7
4082 1 2199 1759 0 3 6
4083 1 2199 1759 0 4 1
4084 4 2199 1759 0 3 7
4085 1 2199 1759 0 6 1
4086 66 2199 1759 0 5 1
4087 1 2199 1759 0 1 12
4088 163 1197 837 0 2 5
4089 2 1975 987 0 6 1
4090 1 1169 935 0 1 11
4091 6 1330 665 0 5 8
4092 2 2079 1039 0 2 11
4093 1 1247 872 0 2 3
4094 1 1166 583 0 3 5
4095 6 1206 964 0 4 9
4096 1 1706 1194 0 1 2
4097 94 1010 505 0 1 12
4098 1 1243 621 0 1 5
4099 65 1962 1373 0 1 6
4100 1 1464 1171 0 5 4
4101 1 1407 844 0 1 1
4102 5 2273 1818 0 4 1
4103 1 1193 715 0 6 6
4104 41 1952 976 0 3 13
4105 1 1189 594 0 2 8
4106 6 1200 840 0 5 6
4107 1 1211 726 0 2 6
4108 5 853 682 0 1 12
4109 1 840 672 1 1 7
4110 5 1015 812 0 6 3
4111 2 1281 896 0 6 1
4112 2 1785 1428 0 3 11