13500 2440
3404 1 973 583 0 4 9
3405 65 973 583 1 2 9
3406 3 973 583 0 5 1
3407 26 973 583 0 2 1
3408 20 973 583 0 5 5
3409 179 973 583 0 4 1
3410 2 973 583 0 1 11
3411 4 973 583 0 1 7
3412 1 973 583 0 4 4
3413 1 973 583 0 5 6
3414 1 973 583 0 2 1
3415 65 1571 785 0 5 7
3416 14 1571 785 0 3 3
3417 1 1571 785 0 6 13
3418 213 1571 785 0 6 1
3419 61 1571 785 0 6 6
3420 46 1571 785 0 6 2
3421 2 1571 785 1 1 12
3422 1 1571 785 0 2 11
3423 2 1571 785 0 1 10
3424 1 1571 785 0 2 3
3425 150 1571 785 0 2 9
3426 18 1188 831 0 1 5
3427 2 1188 831 0 1 3
3428 3 1188 831 0 1 7
3429 1 1188 831 0 2 1
3430 2 1188 831 0 2 3
3431 1 1188 831 0 2 1
3432 1 1188 831 0 5 9
3433 86 1188 831 0 6 4
3434 167 1188 831 0 1 9
3435 1 1188 831 0 2 11
3436 56 1188 831 0 5 1
3437 4 1038 830 0 6 10
3438 1 1038 830 0 2 8
3439 24 1038 830 0 6 5
3440 146 1038 830 0 6 4
3441 1 1038 830 0 5 11
3442 1 1038 830 0 6 6
3443 158 1038 830 0 2 5
3444 2 1038 830 0 1 9
3445 1 1038 830 0 3 11
3446 1 1038 830 0 3 5
3447 2 1038 830 0 4 2
3448 1 2500 1250 0 3 3
3449 216 2500 1250 0 6 13
3450 2 2500 1250 0 3 1
3451 1 2500 1250 0 3 11
3452 1 2500 1250 1 3 12
3453 1 2500 1250 0 4 6
3454 201 2500 1250 0 4 6
3455 75 2500 1250 0 5 1
3456 6 2500 1250 0 5 3
3457 207 2500 1250 0 4 1
3458 1 2500 1250 0 2 10
3459 2 1271 635 0 5 13
3460 1 1271 635 0 3 2
3461 1 1271 635 0 3 5
3462 2 1271 635 0 3 5
3463 2 1271 635 1 3 2
3464 2 1271 635 0 6 2
3465 2 1271 635 0 1 6
3466 2 1271 635 0 2 11
3467 2 1271 635 0 4 13
3468 5 1271 635 0 4 11
3469 75 1271 635 0 4 10
3470 1 855 684 0 4 3
3471 2 1751 1050 0 5 9
3472 1 1187 593 0 2 10
3473 1 799 559 0 2 13
3474 5 973 778 0 4 11
3475 1 1188 594 0 3 3
3476 3 1700 850 0 3 3
3477 202 1164 931 0 3 7
3478 5 1314 919 1 1 8
3479 3 2533 2026 0 3 13
3480 1 1412 1129 1 5 13
3481 2 1750 1225 0 6 7
3482 34 990 495 0 1 8
3483 84 2286 1600 0 1 8
3484 184 1360 952 0 4 13
3485 1 1129 564 0 2 7
3486 2 1059 847 0 1 3
3487 83 1348 943 0 3 12
3488 1 1349 674 0 6 4
3489 183 2081 1664 0 2 6
3490 59 1193 835 0 2 9
3491 1 901 540 0 5 2
3492 2 1169 818 0 3 2
3493 72 1170 585 0 6 8
3494 1 1204 602 0 3 1
3495 206 2288 1372 0 4 1
3496 2 1070 856 0 4 3
3497 146 874 437 1 2 2