13500 2440
4389 1 1241 868 0 1 6
4390 6 1241 868 0 1 9
4391 1 1241 868 0 3 3
4392 49 1241 868 0 1 6
4393 161 1241 868 0 1 4
4394 27 1241 868 0 2 10
4395 1 1241 868 0 3 3
4396 151 1241 868 0 2 1
4397 1 1241 868 0 4 8
4398 4 1241 868 0 1 1
4399 86 1915 1532 1 2 12
4400 3 1915 1532 0 3 11
4401 2 1915 1532 0 5 7
4402 1 1915 1532 0 1 3
4403 1 1915 1532 0 1 10
4404 150 1915 1532 0 1 8
4405 1 1915 1532 0 2 3
4406 1 1915 1532 0 3 11
4407 1 1915 1532 0 2 9
4408 58 1915 1532 0 3 11
4409 165 1382 829 0 5 5
4410 2 1382 829 0 3 5
4411 1 1382 829 0 4 9
4412 2 1382 829 0 5 9
4413 1 1382 829 0 6 13
4414 2 1382 829 0 3 12
4415 1 1382 829 0 2 6
4416 4 1382 829 0 3 12
4417 1 1382 829 0 6 6
4418 1 1382 829 0 5 10
4419 4 1191 714 0 4 8
4420 1 1191 714 0 4 12
4421 2 1191 714 0 2 10
4422 210 1191 714 0 2 13
4423 2 1191 714 0 4 4
4424 1 1191 714 0 2 2
4425 63 1191 714 0 3 3
4426 1 1191 714 0 5 3
4427 1 1191 714 1 5 13
4428 2 1191 714 0 1 1
4429 1 1175 587 1 4 6
4430 74 1175 587 0 5 11
4431 1 1175 587 0 2 1
4432 5 1175 587 0 6 10
4433 1 1175 587 0 3 2
4434 2 1175 587 1 5 9
4435 2 1175 587 1 5 7
4436 1 1175 587 0 3 8
4437 2 1175 587 0 2 2
4438 2 1175 587 0 5 4
4439 136 810 648 0 1 13
4440 122 810 648 1 4 7
4441 174 810 648 0 1 5
4442 1 810 648 0 1 4
4443 1 810 648 0 3 7
4444 1 810 648 0 2 12
4445 146 810 648 0 4 4
4446 2 810 648 0 3 5
4447 1 810 648 0 1 5
4448 70 810 648 0 6 11
4449 2 1105 552 0 6 9
4450 5 1740 1044 0 5 9
4451 211 1527 763 0 6 12
4452 178 1184 710 0 2 13
4453 1 2136 1495 0 1 9
4454 1 1041 520 1 5 6
4455 1 1189 832 0 5 12
4456 153 1186 830 0 1 11
4457 4 1291 903 0 4 1
4458 2 2251 1350 0 2 2
4459 1 933 466 0 3 2
4460 2 1127 676 0 4 4
4461 2 919 459 0 5 11
4462 6 1106 774 0 2 5
4463 2 1166 816 0 5 9
4464 110 1367 956 0 4 4
4465 1 1092 655 0 4 12
4466 1 1202 841 0 1 11
4467 3 1160 580 0 5 3
4468 1 1412 988 0 6 6
4469 134 1120 672 0 5 4
4470 1 1665 1332 1 2 7
4471 5 883 529 0 3 13
4472 2 1208 604 0 1 9
4473 4 1990 1194 0 2 5
4474 2 970 679 0 3 13
4475 167 1356 813 0 2 11