13500 2440
4476 168 1640 1312 0 6 11
4477 5 1640 1312 0 5 10
4478 1 1640 1312 0 2 13
4479 2 1640 1312 1 4 5
4480 12 2257 1579 0 2 12
4481 1 2257 1579 0 5 5
4482 88 2257 1579 0 1 1
4483 1 2257 1579 1 5 10
4484 40 1175 822 0 4 6
4485 186 1175 822 0 2 1
4486 2 1175 822 0 2 11
4487 1 1175 822 0 5 1
4488 2 2142 1499 0 6 7
4489 131 2142 1499 1 5 10
4490 86 2142 1499 0 5 5
4491 200 2142 1499 0 3 10
4492 2 1077 646 0 5 7
4493 1 1077 646 0 1 2
4494 3 1077 646 0 5 11
4495 56 1077 646 0 2 3
4496 6 1416 991 0 3 8
4497 1 1416 991 0 1 4
4498 1 1416 991 0 2 2
4499 1 1416 991 0 4 11
4500 1 1043 625 0 4 11
4501 2 1048 733 0 2 3
4502 1 1264 884 0 3 11
4503 5 1711 1197 0 3 11
4504 1 1088 870 1 4 11
4505 1 976 488 0 5 9
4506 30 1700 1020 0 1 5
4507 1 2232 1562 0 6 1
4508 1 1220 732 0 3 9
4509 3 1359 951 0 6 7
4510 184 878 614 0 5 12
4511 2 1382 691 0 6 5
4512 174 2415 1449 0 6 12
4513 2 1451 1160 1 3 3
4514 4 1405 1124 0 3 12