13500 2440
1994 1 1204 963 0 2 12
1995 216 1204 963 0 2 2
1996 1 1204 963 0 1 11
1997 1 1204 963 0 5 6
1998 6 1204 963 0 1 9
1999 1 1204 963 0 1 10
2000 6 1204 963 0 6 11
2001 125 1204 963 0 4 9
2002 1 1204 963 0 6 6
2003 1 975 487 0 5 10
2004 2 975 487 1 3 1
2005 1 975 487 0 1 9
2006 4 975 487 0 5 6
2007 2 975 487 0 5 1
2008 3 975 487 0 2 4
2009 1 975 487 0 6 8
2010 4 975 487 0 4 8
2011 4 975 487 0 3 13
2012 2 1324 1059 0 2 2
2013 3 1324 1059 0 2 1
2014 104 1324 1059 0 4 4
2015 1 1324 1059 0 6 2
2016 217 1324 1059 0 1 10
2017 1 1324 1059 0 1 9
2018 6 1324 1059 0 3 9
2019 2 1324 1059 0 5 11
2020 156 1324 1059 0 2 2
2021 1 1176 823 0 4 8
2022 1 1176 823 0 2 5
2023 199 1176 823 0 4 3
2024 1 1176 823 0 6 6
2025 25 1176 823 0 6 10
2026 1 1176 823 0 4 1
2027 1 1176 823 1 3 2
2028 112 1176 823 0 4 5
2029 31 1176 823 0 1 9
2030 122 1238 866 0 1 12
2031 7 1238 866 0 2 5
2032 1 1238 866 0 6 9
2033 144 1238 866 0 4 7
2034 2 1238 866 0 4 7
2035 5 1238 866 1 3 10
2036 1 1238 866 0 6 6
2037 4 1238 866 0 4 12
2038 1 1238 866 0 3 7
2039 1 1181 590 0 2 1
2040 44 1181 590 0 4 1
2041 1 1181 590 1 2 6
2042 1 1181 590 1 2 8
2043 2 1181 590 0 4 5
2044 27 1181 590 0 3 3
2045 4 1181 590 0 3 4
2046 1 1181 590 0 5 6
2047 2 1181 590 0 2 9
2048 2 1240 992 1 3 9
2049 1 1088 652 0 3 1
2050 5 1181 590 0 5 2
2051 1 1206 603 0 3 13
2052 1 1995 1396 0 3 12
2053 1 1045 836 0 2 3
2054 1 1087 543 1 6 11
2055 5 1226 613 0 6 8
2056 90 1642 1149 0 1 11
2057 1 1167 933 0 6 8
2058 2 811 567 0 3 6
2059 3 1801 1440 0 2 3
2060 3 1319 791 0 3 5
2061 1 1002 701 1 1 12
2062 5 1877 1501 0 6 11
2063 2 1421 710 0 2 2
2064 1 795 636 0 4 2
2065 217 1576 945 1 6 1
2066 2 1428 714 0 4 8
2067 1 1667 833 0 3 9
2068 1 1349 1079 0 3 9
2069 119 1265 759 1 3 3
2070 2 1161 580 1 4 12