13500 2440
3704 181 1197 957 0 4 9
3705 5 1197 957 0 6 7
3706 1 1197 957 1 1 2
3707 167 1197 957 0 2 11
3708 1 1197 957 1 3 2
3709 2 1197 957 0 2 13
3710 2 1197 957 0 5 12
3711 3 1197 957 0 6 1
3712 59 1173 821 0 6 9
3713 5 1173 821 0 3 2
3714 2 1173 821 1 6 8
3715 1 1173 821 0 3 3
3716 4 1173 821 0 4 6
3717 1 1173 821 0 6 8
3718 2 1173 821 1 4 12
3719 1 1173 821 0 5 2
3720 1 1081 540 0 5 8
3721 209 1081 540 0 1 2
3722 1 1081 540 0 6 12
3723 2 1081 540 0 4 8
3724 1 1081 540 1 4 9
3725 1 1081 540 0 5 5
3726 33 1081 540 0 3 1
3727 2 1081 540 0 3 9
3728 101 1897 1327 0 6 5
3729 6 1897 1327 0 4 8
3730 3 1897 1327 0 4 13
3731 5 1897 1327 0 4 9
3732 159 1897 1327 0 3 8
3733 6 1897 1327 0 3 13
3734 1 1897 1327 0 2 8
3735 5 1897 1327 0 5 9
3736 1 2297 1837 0 3 8
3737 1 2297 1837 0 2 3
3738 3 2297 1837 0 2 5
3739 1 2297 1837 0 3 4
3740 2 2297 1837 0 6 8
3741 1 2297 1837 0 4 9
3742 6 2297 1837 0 5 4
3743 1 2297 1837 0 1 4
3744 1 1120 896 0 5 13
3745 204 1120 896 0 6 5
3746 4 1120 896 0 4 13
3747 20 1120 896 0 5 11
3748 2 1120 896 0 2 8
3749 2 1120 896 0 5 12
3750 14 1120 896 0 6 8
3751 1 1120 896 0 6 4
3752 66 1682 1177 0 4 4
3753 146 1196 837 0 1 5
3754 6 2208 1766 1 1 12
3755 2 1191 952 0 3 11
3756 179 2156 1078 0 3 6
3757 6 1389 694 1 4 10
3758 25 957 669 0 6 13
3759 188 1171 585 0 5 10
3760 1 1356 1084 1 3 8
3761 4 1051 630 0 4 10
3762 2 2476 1238 1 2 9
3763 2 894 447 0 4 1
3764 2 1177 588 1 3 9
3765 1 2186 1530 0 1 10
3766 4 1085 542 0 2 8
3767 1 2418 1450 0 2 5