13500 2440
1203 1 1206 964 0 3 9
1204 2 1206 964 0 3 3
1205 1 1206 964 1 4 4
1206 43 1206 964 1 3 6
1207 6 1206 964 0 3 13
1208 88 1206 964 0 4 9
1209 1 1206 964 0 5 2
1210 1 1165 932 0 1 3
1211 5 1165 932 0 3 11
1212 4 1165 932 0 4 12
1213 158 1165 932 0 2 3
1214 1 1165 932 0 3 1
1215 6 1165 932 0 5 12
1216 52 1165 932 0 3 6
1217 4 2503 1251 0 2 2
1218 5 2503 1251 0 5 4
1219 2 2503 1251 0 3 13
1220 176 2503 1251 0 5 4
1221 44 2503 1251 0 5 5
1222 17 2503 1251 0 6 11
1223 5 2503 1251 0 2 11
1224 2 1978 1582 0 5 7
1225 92 1978 1582 0 1 1
1226 1 1978 1582 0 4 7
1227 1 1978 1582 0 1 10
1228 2 1978 1582 1 4 9
1229 4 1978 1582 0 4 2
1230 6 1978 1582 0 3 10
1231 2 841 420 0 6 11
1232 1 841 420 0 2 10
1233 1 841 420 0 5 2
1234 1 841 420 0 5 2
1235 2 841 420 0 4 4
1236 3 841 420 0 3 3
1237 1 841 420 0 4 11
1238 1 1163 930 0 5 5
1239 6 1163 930 0 6 1
1240 2 1163 930 0 6 9
1241 1 1163 930 1 3 10
1242 1 1163 930 0 1 12
1243 5 1163 930 0 4 8
1244 2 1163 930 0 3 4
1245 1 1097 548 0 2 5
1246 1 1536 768 0 6 2
1247 4 2547 1528 0 5 3
1248 1 1290 774 0 5 8
1249 1 1658 1160 0 1 13
1250 1 1211 605 0 2 11
1251 149 1170 819 0 6 7
1252 1 1956 978 0 4 9
1253 4 997 797 0 1 12
1254 4 1370 959 0 5 5
1255 25 1087 869 0 3 8
1256 106 1110 777 0 2 3
1257 1 2283 1598 0 2 7
1258 1 1200 840 0 1 8
1259 1 2304 1382 0 3 1
1260 2 952 571 0 6 7