13500 2440
3346 5 1062 637 1 5 12
3347 6 1062 637 0 4 10
3348 2 1062 637 0 2 3
3349 1 1062 637 1 6 7
3350 6 1062 637 0 5 8
3351 1 1062 637 0 3 5
3352 5 1062 637 1 3 5
3353 1 2545 1781 0 4 5
3354 1 2545 1781 0 4 6
3355 2 2545 1781 0 2 11
3356 1 2545 1781 0 2 5
3357 7 2545 1781 0 2 4
3358 3 2545 1781 0 3 9
3359 2 2545 1781 0 2 11
3360 56 1228 982 0 2 4
3361 1 1228 982 1 2 13
3362 6 1228 982 1 4 10
3363 149 1228 982 0 2 3
3364 1 1228 982 0 6 2
3365 1 1228 982 0 5 3
3366 4 1228 982 0 6 5
3367 171 1145 572 0 1 4
3368 1 1145 572 0 6 13
3369 1 1145 572 0 3 3
3370 1 1145 572 0 4 3
3371 1 1145 572 1 4 2
3372 162 1145 572 0 6 7
3373 21 1145 572 0 4 8
3374 195 1224 612 0 4 9
3375 2 1224 612 0 4 3
3376 1 1224 612 1 3 8
3377 1 1224 612 1 1 7
3378 1 1224 612 0 5 10
3379 2 1224 612 1 2 13
3380 1 1224 612 1 2 3
3381 132 1262 883 0 4 2
3382 1 1262 883 0 1 2
3383 4 1262 883 0 5 11
3384 1 1262 883 0 2 13
3385 1 1262 883 0 6 9
3386 1 1262 883 0 1 4
3387 47 1262 883 0 5 2
3388 28 1362 1089 0 5 13
3389 1 1386 831 0 2 6
3390 111 1177 941 0 2 9
3391 4 1298 649 0 2 9
3392 1 1466 879 0 1 12
3393 1 2528 1264 0 1 6
3394 151 1194 597 0 5 11
3395 1 1333 799 0 4 10
3396 28 1187 949 0 2 1
3397 62 1273 636 0 4 8
3398 4 1181 590 1 3 5
3399 18 1011 707 0 4 7
3400 1 2388 1432 0 1 10
3401 1 1317 790 0 5 3
3402 1 2192 1315 0 1 11
3403 2 1242 869 1 1 8