13500 2440
1912 204 1997 1397 0 6 1
1913 3 1997 1397 0 1 2
1914 3 1997 1397 0 2 13
1915 6 1997 1397 0 6 7
1916 123 1997 1397 0 2 7
1917 108 1997 1397 0 2 6
1918 1 1997 1397 0 3 4
1919 5 1997 1397 0 4 11
1920 55 1997 1397 0 5 7
1921 6 1997 1397 0 5 4
1922 1 972 680 0 6 12
1923 160 972 680 1 1 7
1924 4 972 680 0 4 3
1925 2 972 680 1 5 2
1926 4 972 680 0 3 2
1927 66 972 680 0 1 8
1928 3 972 680 0 4 12
1929 123 972 680 0 5 6
1930 5 972 680 1 3 2
1931 2 972 680 0 6 12
1932 1 1760 880 0 2 9
1933 109 1760 880 0 2 2
1934 2 1760 880 0 4 5
1935 1 1760 880 0 6 11
1936 6 1760 880 0 4 11
1937 2 1760 880 0 6 6
1938 6 1760 880 0 1 10
1939 1 1760 880 0 1 10
1940 1 1760 880 0 5 8
1941 1 1760 880 0 4 9
1942 1 948 568 0 3 1
1943 1 948 568 0 2 5
1944 172 948 568 0 2 13
1945 3 948 568 0 5 3
1946 5 948 568 0 5 9
1947 193 948 568 0 5 7
1948 1 948 568 0 4 1
1949 3 948 568 0 3 12
1950 153 948 568 0 2 8
1951 5 948 568 0 1 5
1952 1 977 488 0 6 9
1953 2 977 488 0 2 5
1954 185 977 488 0 3 10
1955 3 977 488 0 1 12
1956 2 977 488 0 2 7
1957 1 977 488 0 1 6
1958 2 977 488 0 3 7
1959 216 977 488 1 6 7
1960 1 977 488 0 1 11
1961 1 977 488 0 6 9
1962 168 1198 838 0 4 2
1963 1 1198 838 0 3 13
1964 6 1198 838 1 1 7
1965 80 1198 838 0 2 4
1966 1 1198 838 0 5 11
1967 2 1198 838 0 2 10
1968 5 1198 838 0 1 10
1969 63 1198 838 0 2 13
1970 3 1198 838 0 2 5
1971 3 1198 838 0 4 9
1972 1 976 585 0 6 13
1973 2 1213 849 0 1 12
1974 3 1417 850 0 4 1
1975 1 1208 604 0 4 7
1976 1 2436 1705 0 1 3
1977 2 1175 705 0 6 6
1978 2 793 475 0 1 13
1979 67 1779 1423 0 6 6
1980 2 1616 808 0 1 10
1981 2 2174 1304 1 2 9
1982 57 1167 816 0 1 7
1983 2 1210 605 0 1 9
1984 1 1172 820 0 2 2
1985 74 1066 852 0 1 8
1986 83 2194 1755 0 4 7
1987 26 1176 588 0 6 2
1988 2 1402 841 0 1 13
1989 127 1269 761 0 2 11
1990 6 2076 1245 0 4 8
1991 5 881 440 1 6 6
1992 3 940 470 0 5 11
1993 1 1487 892 0 3 12