13500 2440
3148 1 1736 868 0 3 1
3149 90 1736 868 0 5 1
3150 1 1736 868 0 5 10
3151 1 1736 868 0 3 1
3152 6 1736 868 0 4 1
3153 1 1736 868 1 2 9
3154 3 879 703 0 4 13
3155 2 879 703 0 1 9
3156 1 879 703 0 2 1
3157 2 879 703 1 3 11
3158 83 879 703 0 5 7
3159 1 879 703 0 1 9
3160 2 1446 1012 0 4 2
3161 1 1446 1012 1 3 1
3162 1 1446 1012 0 1 5
3163 6 1446 1012 0 4 9
3164 79 1446 1012 0 6 5
3165 1 1446 1012 0 3 9
3166 1 1201 960 0 1 13
3167 2 1201 960 0 2 4
3168 3 1201 960 0 3 13
3169 1 1201 960 0 3 4
3170 1 1201 960 0 3 10
3171 6 1201 960 0 5 1
3172 2 843 590 0 5 3
3173 3 843 590 0 5 6
3174 51 843 590 0 2 1
3175 1 843 590 0 3 1
3176 1 843 590 0 3 4
3177 1 843 590 0 5 2
3178 2 1203 842 0 3 9
3179 2 1203 842 1 3 1
3180 1 1203 842 0 6 11
3181 1 1203 842 0 4 9
3182 1 1203 842 0 1 6
3183 1 1203 842 0 1 13
3184 2 1054 737 0 1 6
3185 1 986 493 0 6 1
3186 17 1451 870 0 2 8
3187 3 1191 952 0 6 2
3188 34 1171 936 0 2 13
3189 1 1292 775 0 3 4
3190 2 2543 1525 0 2 5
3191 123 1447 1012 0 3 1
3192 4 1199 599 0 6 11
3193 1 2378 1189 0 5 3
3194 5 1200 840 0 4 6
3195 1 1066 533 0 1 12
3196 2 1304 782 0 1 2
3197 1 1036 828 0 1 5
3198 172 883 441 0 2 11