13500 2440
2226 1 2141 1284 0 6 12
2227 149 2141 1284 0 1 10
2228 4 2141 1284 0 4 4
2229 1 2141 1284 0 6 7
2230 148 2294 1835 0 4 7
2231 1 2294 1835 0 2 11
2232 5 2294 1835 0 1 11
2233 6 2294 1835 1 1 11
2234 1 1186 830 0 2 13
2235 2 1186 830 0 1 13
2236 1 1186 830 0 6 11
2237 62 1186 830 0 1 2
2238 1 835 668 0 3 4
2239 1 835 668 0 6 5
2240 1 835 668 1 1 5
2241 1 835 668 0 2 11
2242 1 1634 1143 1 3 7
2243 2 1634 1143 0 3 1
2244 1 1634 1143 0 4 3
2245 1 1634 1143 0 3 13
2246 2 1149 689 0 1 1
2247 176 1149 689 1 4 3
2248 5 1149 689 0 1 9
2249 166 1149 689 0 6 5
2250 2 1166 816 0 3 9
2251 58 1179 707 0 1 2
2252 1 2261 1582 1 6 12
2253 1 1204 842 1 4 11
2254 1 2431 1215 0 3 9
2255 10 1458 1020 0 2 8
2256 4 1981 1584 0 5 7
2257 1 2162 1513 0 3 6
2258 5 2207 1544 0 5 11
2259 1 833 416 1 3 4
2260 2 1191 595 0 6 11
2261 1 1191 952 0 5 11
2262 1 1464 732 0 4 10
2263 1 1197 837 0 1 12
2264 1 1847 1292 0 4 11