13500 2440
885 77 1436 718 0 1 5
886 138 1436 718 0 5 3
887 1 1436 718 0 6 1
888 1 1436 718 0 2 3
889 1 1436 718 0 4 4
890 1 1436 718 0 2 1
891 4 848 424 0 1 5
892 5 848 424 0 6 1
893 1 848 424 1 4 11
894 1 848 424 0 5 7
895 20 848 424 1 6 8
896 63 848 424 0 4 4
897 1 1384 1107 0 2 13
898 2 1384 1107 0 3 4
899 1 1384 1107 0 4 3
900 1 1384 1107 0 6 13
901 5 1384 1107 0 4 4
902 5 1384 1107 0 1 2
903 5 2329 1630 0 4 11
904 2 2329 1630 0 6 11
905 5 2329 1630 0 4 13
906 4 2329 1630 0 6 7
907 2 2329 1630 0 5 1
908 1 2329 1630 0 1 1
909 1 1203 601 0 3 7
910 1 1203 601 0 5 11
911 6 1203 601 0 4 2
912 1 1203 601 0 5 2
913 1 1203 601 0 5 11
914 180 1203 601 0 5 4
915 2 2579 2063 0 2 9
916 2 2579 2063 0 5 6
917 1 2579 2063 0 6 4
918 2 2579 2063 0 6 11
919 5 2579 2063 0 4 6
920 1 2579 2063 0 4 9
921 3 1200 840 0 1 6
922 1 2433 1216 0 6 8
923 1 821 574 0 2 10
924 212 1208 845 0 4 9
925 2 1199 839 0 3 4
926 4 1289 902 0 5 2
927 1 1364 818 0 3 8
928 45 1163 581 0 3 3
929 1 1222 977 0 3 9
930 2 1733 1386 0 3 6
931 5 876 438 0 4 10
932 1 938 562 0 1 10
933 1 1392 835 0 3 10
934 128 1135 681 0 2 10
935 5 1685 1348 0 6 3