13500 2440
302 1 1707 1194 0 1 12
303 5 1707 1194 0 5 6
304 1 1707 1194 0 1 6
305 1 1707 1194 0 4 1
306 2 1707 1194 0 6 7
307 1 1707 1194 0 1 8
308 72 1220 854 0 6 2
309 4 1220 854 0 4 10
310 2 1220 854 0 3 9
311 2 1220 854 1 2 13
312 6 1220 854 0 1 2
313 4 1220 854 0 3 1
314 2 1001 800 0 1 9
315 6 1001 800 0 6 10
316 1 1001 800 0 6 6
317 4 1001 800 0 2 7
318 145 1001 800 1 1 1
319 3 1001 800 0 4 13
320 3 1401 980 0 3 2
321 1 1401 980 0 6 13
322 2 1401 980 0 5 3
323 2 1401 980 0 4 12
324 1 1401 980 0 3 1
325 2 1401 980 0 2 13
326 1 1439 1007 0 4 7
327 3 1439 1007 0 1 7
328 2 1439 1007 0 1 9
329 2 1439 1007 1 6 2
330 1 1439 1007 0 3 12
331 113 1439 1007 0 2 9
332 96 2448 1224 0 2 6
333 178 2448 1224 0 1 1
334 4 2448 1224 0 6 13
335 48 2448 1224 0 2 5
336 6 2448 1224 0 5 1
337 1 2448 1224 0 1 10
338 171 970 679 0 1 10
339 2 1179 943 0 1 13
340 174 1402 701 0 1 4
341 5 1180 944 0 1 1
342 6 1121 896 0 1 2
343 1 1188 950 0 1 7
344 1 1107 553 0 3 2
345 1 1190 595 0 6 6
346 1 1161 580 0 5 2
347 4 1170 585 0 2 8
348 52 1170 819 0 5 11
349 3 1255 753 0 2 2
350 4 886 620 0 2 3
351 2 1173 938 1 3 8
352 65 1392 696 0 4 12
353 1 1153 807 1 6 5