13500 2440
2703 2 1783 1248 0 5 9
2704 2 1783 1248 0 4 9
2705 1 1783 1248 1 3 4
2706 127 1783 1248 0 5 9
2707 1 1783 1248 0 4 2
2708 4 1783 1248 0 6 8
2709 1 1783 1248 0 5 5
2710 2 1783 1248 0 5 11
2711 1 1783 1248 0 6 5
2712 1 1783 1248 0 3 7
2713 6 1188 950 0 2 10
2714 208 1188 950 0 1 2
2715 1 1188 950 1 2 4
2716 45 1188 950 0 1 6
2717 1 1188 950 0 4 2
2718 2 1188 950 1 3 9
2719 52 1188 950 0 5 5
2720 210 1188 950 0 4 6
2721 3 1188 950 0 6 13
2722 71 1188 950 1 1 13
2723 144 1005 502 0 5 13
2724 1 1005 502 0 5 3
2725 2 1005 502 0 5 13
2726 1 1005 502 0 4 6
2727 6 1005 502 0 6 8
2728 1 1005 502 0 1 9
2729 3 1005 502 0 4 4
2730 138 1005 502 0 1 8
2731 1 1005 502 0 1 11
2732 4 1005 502 1 6 4
2733 1 1933 966 0 1 5
2734 1 1933 966 1 4 7
2735 2 1933 966 0 4 2
2736 1 1933 966 0 4 10
2737 1 1933 966 1 2 3
2738 96 1933 966 0 6 5
2739 1 1933 966 0 6 2
2740 193 1933 966 0 2 7
2741 1 1933 966 0 3 9
2742 1 1933 966 0 1 4
2743 2 1165 815 0 5 8
2744 1 1165 815 0 4 5
2745 1 1165 815 0 3 3
2746 5 1165 815 0 6 4
2747 178 1165 815 0 2 4
2748 38 1165 815 0 5 11
2749 2 1165 815 1 2 12
2750 210 1165 815 0 3 5
2751 46 1165 815 0 4 11
2752 2 1165 815 1 3 9
2753 2 866 692 0 4 6
2754 19 866 692 0 3 6
2755 190 866 692 0 4 4
2756 3 866 692 0 2 4
2757 1 866 692 1 3 1
2758 140 866 692 0 5 2
2759 1 866 692 1 1 13
2760 57 866 692 0 1 8
2761 2 866 692 0 3 9
2762 91 866 692 0 6 4
2763 1 1790 1432 0 1 13
2764 1 793 634 0 2 2
2765 3 2294 1147 0 2 7
2766 1 919 459 0 3 8
2767 1 2183 1528 0 5 1
2768 3 1251 750 0 6 4
2769 1 1413 706 0 4 3
2770 2 921 460 1 6 3
2771 1 1194 716 0 4 3
2772 1 1213 849 0 5 1
2773 66 1109 554 0 6 9
2774 142 2288 1601 0 5 3
2775 100 1196 837 0 5 6
2776 53 1011 505 0 4 10
2777 5 2145 1287 0 4 3
2778 3 1981 990 0 1 4
2779 2 2124 1699 0 1 12
2780 137 1193 835 0 1 7
2781 1 1362 1089 0 6 12
2782 2 930 558 0 6 1
2783 1 1461 730 0 1 9
2784 5 1452 1016 0 1 4
2785 16 1170 936 0 5 10
2786 5 2410 1205 1 5 7
2787 1 1600 1280 0 5 9
2788 6 2493 1495 0 2 7
2789 5 1376 1100 0 6 5