13500 2440
2937 1 1295 1036 0 6 7
2938 5 1295 1036 0 1 10
2939 3 1295 1036 0 1 4
2940 34 1295 1036 0 1 1
2941 4 1295 1036 0 4 13
2942 188 1295 1036 0 2 8
2943 4 1295 1036 0 5 4
2944 9 1183 709 0 3 5
2945 4 1183 709 0 5 7
2946 6 1183 709 0 4 4
2947 2 1183 709 0 5 10
2948 71 1183 709 0 5 7
2949 1 1183 709 1 2 2
2950 1 1183 709 0 4 9
2951 2 1267 760 1 2 11
2952 2 1267 760 0 2 1
2953 2 1267 760 0 6 9
2954 191 1267 760 1 2 7
2955 1 1267 760 1 4 10
2956 1 1267 760 0 3 1
2957 1 1267 760 1 6 6
2958 76 1617 1293 0 1 2
2959 6 1617 1293 1 2 7
2960 44 1617 1293 0 2 2
2961 2 1617 1293 0 2 3
2962 1 1617 1293 0 2 4
2963 5 1617 1293 1 6 4
2964 2 1617 1293 0 5 6
2965 4 1195 717 0 1 11
2966 2 1195 717 0 1 9
2967 3 1195 717 0 2 11
2968 2 1195 717 0 5 8
2969 1 1195 717 1 5 3
2970 1 1195 717 1 1 8
2971 6 1195 717 0 3 13
2972 127 1209 725 1 4 13
2973 1 1209 725 0 6 5
2974 1 1209 725 1 6 6
2975 2 1209 725 0 3 2
2976 2 1209 725 0 1 11
2977 2 1209 725 0 3 7
2978 3 1209 725 0 3 12
2979 88 1290 645 0 2 11
2980 6 1316 1052 0 1 4
2981 209 1755 877 0 3 4
2982 1 1202 961 0 3 8
2983 47 1263 884 0 4 4
2984 141 1199 959 0 6 4
2985 2 954 572 0 3 8
2986 6 1037 518 1 5 13
2987 2 997 498 0 3 8
2988 159 844 506 0 4 6
2989 1 2316 1621 0 2 8
2990 1 790 474 0 3 4
2991 1 1740 1218 0 1 1
2992 4 1190 833 0 1 4
2993 1 1377 688 0 5 8
2994 136 1457 728 0 4 8
2995 1 786 550 0 6 12