13500 2440
1059 26 1189 951 0 1 10
1060 1 1189 951 1 2 12
1061 1 1189 951 0 3 2
1062 2 1189 951 0 5 7
1063 1 1189 951 1 4 12
1064 2 1189 951 0 2 13
1065 2 896 448 0 4 9
1066 2 896 448 0 1 12
1067 1 896 448 0 4 3
1068 2 896 448 0 2 11
1069 1 896 448 0 6 10
1070 4 896 448 0 6 3
1071 2 1357 1085 0 1 8
1072 1 1357 1085 0 3 8
1073 10 1357 1085 1 3 1
1074 1 1357 1085 0 4 8
1075 1 1357 1085 0 3 9
1076 1 1357 1085 0 3 1
1077 2 1177 823 0 1 2
1078 79 1177 823 1 4 11
1079 104 1177 823 0 6 12
1080 13 1177 823 0 5 8
1081 6 1177 823 0 6 12
1082 1 1177 823 0 5 6
1083 1 1366 819 1 6 10
1084 4 1366 819 0 5 3
1085 3 1366 819 0 1 13
1086 2 1366 819 0 5 10
1087 1 1366 819 0 2 2
1088 1 1366 819 1 1 8
1089 8 2120 1060 0 6 12
1090 2 2120 1060 0 3 6
1091 2 2120 1060 0 3 2
1092 1 2120 1060 1 4 1
1093 2 2120 1060 0 1 1
1094 2 2120 1060 0 2 9
1095 1 1619 1133 0 1 10
1096 128 1333 1066 1 6 9
1097 1 1605 1123 0 2 4
1098 180 1176 823 0 4 8
1099 1 2422 1937 1 1 1
1100 1 825 412 0 3 4
1101 1 1197 837 1 3 2
1102 6 1170 936 0 5 6
1103 1 1131 791 0 2 6
1104 4 1205 843 0 5 7
1105 5 1086 868 0 3 5
1106 1 785 471 0 4 4