13500 2440
1860 2 1190 595 0 3 8
1861 3 1190 595 0 4 12
1862 2 1190 595 1 2 4
1863 1 1190 595 0 4 13
1864 117 1190 595 0 2 10
1865 1 1190 595 0 5 7
1866 1 1207 844 0 6 3
1867 2 1207 844 1 2 12
1868 205 1207 844 0 4 8
1869 175 1207 844 0 6 4
1870 1 1207 844 1 1 6
1871 1 1207 844 0 2 5
1872 2 2312 1156 0 6 6
1873 1 2312 1156 0 6 12
1874 32 2312 1156 0 5 2
1875 5 2312 1156 0 2 6
1876 198 2312 1156 0 3 3
1877 65 2312 1156 0 5 3
1878 48 1180 826 0 2 13
1879 1 1180 826 1 6 3
1880 1 1180 826 0 1 12
1881 2 1180 826 0 4 7
1882 1 1180 826 0 5 4
1883 2 1180 826 0 4 7
1884 65 2460 1722 0 5 9
1885 47 2460 1722 0 1 5
1886 1 2460 1722 0 4 11
1887 1 2460 1722 0 1 7
1888 2 2460 1722 0 5 2
1889 2 2460 1722 0 3 13
1890 1 1208 966 0 2 6
1891 1 1208 966 0 5 5
1892 87 1208 966 0 3 11
1893 3 1208 966 0 1 12
1894 6 1208 966 0 5 3
1895 1 1208 966 0 3 11
1896 6 1342 671 0 1 13
1897 1 1192 596 0 3 9
1898 1 1402 981 0 3 5
1899 7 1196 956 0 2 3
1900 1 868 520 0 2 4
1901 2 1189 832 0 4 6
1902 1 1241 868 0 3 11
1903 5 838 586 0 1 7
1904 129 839 671 0 3 2
1905 1 1135 908 0 6 6
1906 1 1382 1105 0 5 8
1907 2 2081 1456 0 6 8
1908 3 1401 980 1 2 6
1909 1 1106 663 0 3 6
1910 6 1242 745 1 5 6
1911 6 2098 1678 0 6 13