13500 2440
2885 4 1189 713 1 3 1
2886 19 1189 713 0 4 9
2887 2 1189 713 0 6 7
2888 1 992 496 0 2 8
2889 1 992 496 0 2 10
2890 1 992 496 0 2 5
2891 76 1180 826 0 1 10
2892 1 1180 826 0 3 7
2893 1 1180 826 1 6 13
2894 1 1408 1126 0 5 5
2895 2 1408 1126 0 3 4
2896 2 1408 1126 0 4 5
2897 2 1017 508 0 1 9
2898 16 1017 508 0 5 2
2899 152 1017 508 1 2 5
2900 6 1165 932 0 2 6
2901 2 1165 932 0 4 7
2902 144 1165 932 0 5 5
2903 2 1427 713 0 3 7
2904 1 1510 1057 0 6 8
2905 5 1171 936 0 4 5
2906 1 1437 718 0 2 3
2907 2 913 456 1 5 9
2908 6 1219 731 0 3 4
2909 2 1053 526 1 2 5
2910 5 1152 921 0 5 7
2911 4 1191 952 0 5 13
2912 1 1183 709 0 2 7
2913 4 1253 1002 0 2 3
2914 50 951 475 0 3 6
2915 1 1238 742 0 1 3