13500 2440
976 1 1173 703 1 3 6
977 79 1173 703 0 1 7
978 1 1173 703 0 1 2
979 2 1173 703 0 2 13
980 6 1173 703 0 1 6
981 184 1200 840 0 4 2
982 1 1200 840 0 1 6
983 1 1200 840 0 3 10
984 1 1200 840 0 2 6
985 2 1200 840 0 5 5
986 1 1066 639 0 3 10
987 1 1066 639 0 2 11
988 2 1066 639 0 6 1
989 2 1066 639 0 5 6
990 144 1066 639 0 3 3
991 47 2426 1698 0 6 2
992 5 2426 1698 0 3 13
993 178 2426 1698 0 4 8
994 188 2426 1698 0 5 12
995 124 2426 1698 0 4 9
996 65 1247 872 0 5 8
997 17 1247 872 0 5 12
998 1 1247 872 1 2 7
999 196 1247 872 1 5 11
1000 1 1247 872 1 4 12
1001 4 1361 1088 0 4 13
1002 2 1361 1088 0 1 6
1003 2 1361 1088 0 3 13
1004 1 1361 1088 0 2 9
1005 2 1361 1088 0 1 6
1006 91 1201 840 0 6 1
1007 1 1185 829 0 2 13
1008 1 1310 786 0 3 9
1009 1 2105 1473 1 4 5
1010 1 1428 714 0 6 9
1011 5 1920 1152 0 6 8
1012 2 1090 872 0 2 5
1013 166 1449 724 0 5 9
1014 154 1186 948 0 2 7
1015 1 2079 1039 0 5 9
1016 1 1033 516 0 4 10
1017 194 1296 777 0 2 5