13500 2440
4719 2 2185 1092 1 2 3
4720 1 2185 1092 0 5 4
4721 4 2185 1092 0 5 8
4722 192 2185 1092 1 3 5
4723 1 2185 1092 0 2 9
4724 100 2185 1092 0 1 8
4725 14 2185 1092 0 5 6
4726 1 2185 1092 0 2 2
4727 72 2185 1092 0 3 12
4728 77 2185 1092 0 2 9
4729 1 2185 1092 0 2 3
4730 3 1213 970 0 5 7
4731 1 1213 970 0 2 5
4732 1 1213 970 0 3 9
4733 4 1213 970 0 4 3
4734 1 1213 970 1 5 8
4735 1 1213 970 0 3 7
4736 145 1213 970 1 3 11
4737 155 1213 970 0 2 5
4738 1 1213 970 0 2 1
4739 1 1213 970 1 2 13
4740 1 1213 970 0 3 9
4741 206 899 629 0 4 10
4742 105 899 629 1 4 4
4743 1 899 629 0 6 1
4744 3 899 629 0 5 4
4745 2 899 629 0 1 9
4746 3 899 629 0 5 9
4747 1 899 629 1 5 12
4748 1 899 629 0 6 4
4749 1 899 629 0 1 2
4750 1 899 629 0 6 7
4751 19 899 629 0 4 1
4752 3 1232 616 1 3 3
4753 5 1232 616 0 3 8
4754 4 1232 616 0 1 3
4755 34 1232 616 0 1 7
4756 1 1232 616 0 1 8
4757 1 1232 616 0 3 7
4758 1 1232 616 0 4 8
4759 1 1232 616 0 3 2
4760 68 1232 616 0 6 3
4761 1 1232 616 0 4 11
4762 117 1232 616 0 4 8
4763 1 1194 716 0 3 10
4764 1 1194 716 0 6 10
4765 14 1194 716 0 6 12
4766 6 1194 716 0 2 2
4767 46 1194 716 0 1 4
4768 159 1194 716 1 6 3
4769 157 1194 716 0 4 11
4770 1 1194 716 0 4 2
4771 93 1194 716 0 3 2
4772 4 1194 716 0 2 11
4773 4 1194 716 0 1 4
4774 1 1401 980 0 3 4
4775 1 1401 980 0 3 11
4776 1 1401 980 0 2 6
4777 2 1401 980 0 5 11
4778 6 1401 980 0 4 11
4779 1 1401 980 0 2 1
4780 2 1401 980 0 1 4
4781 1 1401 980 0 5 4
4782 160 1401 980 0 6 11
4783 2 1401 980 0 3 3
4784 2 1401 980 0 3 8
4785 6 1107 885 0 5 4
4786 4 1498 1048 0 1 7
4787 7 1820 1456 0 2 13
4788 209 1249 999 0 2 6
4789 6 1189 594 0 4 5
4790 1 1136 795 0 4 11
4791 2 1200 600 0 3 7
4792 1 1162 581 0 1 5
4793 1 1191 595 0 6 11
4794 1 1163 581 0 5 3
4795 58 791 632 0 5 8
4796 2 1414 1131 0 4 5
4797 3 1307 1045 0 3 2
4798 1 1349 944 1 2 10
4799 1 1561 1092 0 1 11
4800 100 1166 583 0 2 2
4801 4 1813 906 0 1 11
4802 1 1070 642 0 5 8
4803 124 1194 955 0 2 2
4804 157 1442 865 1 1 3
4805 60 2505 1753 0 3 12
4806 3 827 661 1 1 7
4807 4 1465 879 0 4 1