13500 2440
1403 153 1635 817 0 4 1
1404 1 1635 817 0 6 2
1405 21 1635 817 0 3 3
1406 2 1635 817 0 4 1
1407 5 1635 817 1 5 10
1408 217 1245 871 0 1 3
1409 184 1245 871 1 2 7
1410 1 1245 871 0 2 9
1411 125 1245 871 1 4 9
1412 1 1245 871 0 6 12
1413 1 888 621 0 4 2
1414 1 888 621 0 5 7
1415 1 888 621 0 2 12
1416 1 888 621 0 4 4
1417 2 888 621 1 2 13
1418 46 1245 996 0 6 9
1419 2 1245 996 0 2 6
1420 1 1245 996 0 2 11
1421 1 1245 996 0 1 11
1422 2 1245 996 0 4 10
1423 11 851 680 0 6 12
1424 1 851 680 0 1 5
1425 1 851 680 0 3 8
1426 4 851 680 0 3 8
1427 5 851 680 1 2 2
1428 125 1023 613 0 4 6
1429 5 1023 613 0 3 1
1430 45 1023 613 0 5 7
1431 3 1023 613 0 2 4
1432 1 1023 613 0 5 7
1433 168 1292 646 0 6 8
1434 1 1293 1034 0 2 6
1435 9 1003 601 0 1 3
1436 1 1333 666 0 6 8
1437 1 1204 842 0 4 8
1438 1 1452 871 0 3 9
1439 5 1178 942 0 3 4
1440 28 2380 1428 0 6 7
1441 6 955 668 0 5 11
1442 1 2548 1783 0 6 11
1443 2 1211 968 0 5 2
1444 1 1154 577 0 4 11