13500 2440
4567 1 1266 759 0 5 2
4568 6 1266 759 0 2 4
4569 83 1266 759 0 2 13
4570 2 1266 759 0 1 3
4571 1 1266 759 0 2 7
4572 1 1266 759 1 5 2
4573 1 1266 759 0 3 13
4574 2 1266 759 1 6 13
4575 2 1266 759 1 5 5
4576 207 1078 862 0 3 12
4577 173 1078 862 0 5 11
4578 1 1078 862 0 2 7
4579 1 1078 862 1 2 8
4580 6 1078 862 0 3 13
4581 1 1078 862 0 6 3
4582 2 1078 862 0 6 11
4583 1 1078 862 0 6 5
4584 6 1078 862 0 6 5
4585 2 2032 1625 0 4 7
4586 127 2032 1625 0 3 9
4587 1 2032 1625 0 5 13
4588 148 2032 1625 1 2 3
4589 1 2032 1625 0 6 12
4590 1 2032 1625 0 3 13
4591 2 2032 1625 0 4 8
4592 3 2032 1625 0 3 12
4593 1 2032 1625 1 4 9
4594 2 1405 1124 0 1 4
4595 6 1405 1124 0 3 9
4596 2 1405 1124 0 6 6
4597 3 1405 1124 1 3 6
4598 2 1405 1124 0 2 10
4599 1 1405 1124 0 1 9
4600 1 1405 1124 0 5 1
4601 174 1405 1124 0 1 7
4602 1 1405 1124 0 1 11
4603 1 1195 597 0 4 6
4604 1 1195 597 1 3 12
4605 199 1195 597 0 1 3
4606 6 1195 597 0 6 4
4607 6 1195 597 0 1 9
4608 4 1195 597 0 4 2
4609 2 1195 597 0 5 2
4610 4 1195 597 0 6 2
4611 2 1195 597 0 3 6
4612 1 1422 853 0 5 13
4613 1 1422 853 1 2 8
4614 5 1422 853 0 2 4
4615 5 1422 853 0 6 10
4616 8 1422 853 0 5 5
4617 1 1422 853 0 4 9
4618 1 1422 853 0 2 11
4619 2 1422 853 0 1 1
4620 1 1422 853 0 2 3
4621 2 1170 936 0 6 7
4622 9 1415 849 0 2 4
4623 145 1194 955 0 4 4
4624 4 1238 866 0 4 2
4625 2 1209 967 0 5 2
4626 1 2501 1250 0 2 13
4627 46 1830 915 0 6 5
4628 4 1666 1332 1 6 1
4629 83 1195 836 1 5 7
4630 7 1198 958 0 1 6
4631 2 820 656 0 1 7
4632 1 866 433 0 2 5
4633 119 1419 709 0 4 1
4634 6 1254 627 0 5 1
4635 176 1192 834 0 6 11
4636 2 1161 928 0 3 9
4637 1 2505 1753 0 4 1
4638 2 1394 697 0 6 2
4639 23 1285 642 0 3 11
4640 1 1120 672 0 2 2