13500 2440
2996 2 1491 1192 0 2 7
2997 5 1491 1192 1 6 9
2998 37 1491 1192 0 1 13
2999 6 1491 1192 0 3 10
3000 4 1491 1192 1 6 3
3001 177 1491 1192 0 4 8
3002 1 1491 1192 0 4 4
3003 176 1491 1192 0 4 10
3004 1 2414 1207 0 5 10
3005 3 2414 1207 0 5 5
3006 6 2414 1207 0 3 7
3007 6 2414 1207 0 1 1
3008 101 2414 1207 0 6 3
3009 2 2414 1207 0 1 10
3010 129 2414 1207 1 5 1
3011 70 2414 1207 0 5 10
3012 5 1028 719 0 1 7
3013 5 1028 719 0 4 10
3014 2 1028 719 0 1 7
3015 1 1028 719 0 2 12
3016 140 1028 719 0 4 7
3017 167 1028 719 0 4 12
3018 1 1028 719 0 1 10
3019 4 1028 719 0 5 1
3020 2 1008 705 0 2 8
3021 1 1008 705 0 4 10
3022 1 1008 705 0 2 11
3023 1 1008 705 0 2 8
3024 1 1008 705 0 2 5
3025 6 1008 705 1 2 11
3026 1 1008 705 0 1 10
3027 69 1008 705 0 4 3
3028 69 2258 1806 0 6 9
3029 6 2258 1806 0 6 13
3030 1 2258 1806 0 6 10
3031 5 2258 1806 0 5 4
3032 75 2258 1806 0 5 11
3033 1 2258 1806 1 3 11
3034 2 2258 1806 0 4 7
3035 1 2258 1806 0 6 13
3036 10 1009 605 0 5 8
3037 3 1009 605 0 3 4
3038 125 1009 605 0 4 5
3039 1 1009 605 0 6 8
3040 4 1009 605 1 5 4
3041 1 1009 605 0 2 10
3042 1 1009 605 1 6 10
3043 1 1009 605 0 5 12
3044 1 969 581 0 5 2
3045 3 1030 824 0 3 2
3046 1 1273 636 0 3 1
3047 7 1132 679 1 3 6
3048 1 2084 1667 0 5 6
3049 1 925 462 0 6 1
3050 123 919 643 0 4 13
3051 1 1186 593 0 2 12
3052 2 1443 721 0 1 4
3053 2 2500 1500 0 2 6
3054 77 1174 821 0 3 7
3055 1 2042 1429 0 5 10
3056 92 1247 623 0 2 7
3057 4 1139 797 0 3 3
3058 2 1249 749 0 5 9
3059 2 1765 882 0 1 6
3060 2 1174 939 0 3 7
3061 2 1332 666 0 6 7
3062 167 1133 566 0 6 7
3063 1 1206 844 0 5 4
3064 1 1827 913 0 6 12
3065 2 1206 964 1 5 12
3066 1 1316 921 0 3 10