13500 2440
3067 6 2452 1226 0 4 4
3068 28 2452 1226 0 3 6
3069 2 2452 1226 0 1 1
3070 6 2452 1226 0 2 11
3071 1 2452 1226 0 4 9
3072 129 2452 1226 0 5 1
3073 211 2452 1226 0 1 9
3074 1 2452 1226 0 1 11
3075 10 2452 1226 0 6 5
3076 4 2452 1226 0 3 4
3077 1 1464 878 0 5 8
3078 5 1464 878 0 1 11
3079 5 1464 878 0 1 12
3080 1 1464 878 0 4 2
3081 9 1464 878 0 4 6
3082 5 1464 878 0 6 4
3083 3 1464 878 0 5 6
3084 3 1464 878 1 5 12
3085 61 1464 878 0 3 2
3086 97 1464 878 0 2 3
3087 5 1183 591 0 2 3
3088 2 1183 591 0 5 7
3089 6 1183 591 0 4 11
3090 2 1183 591 0 4 11
3091 4 1183 591 0 4 6
3092 46 1183 591 0 2 2
3093 1 1183 591 0 6 2
3094 1 1183 591 0 5 13
3095 4 1183 591 1 6 2
3096 49 1183 591 0 5 3
3097 1 1171 585 0 2 12
3098 1 1171 585 0 2 5
3099 2 1171 585 1 4 11
3100 1 1171 585 0 4 7
3101 5 1171 585 0 2 4
3102 4 1171 585 0 3 3
3103 19 1171 585 0 1 4
3104 62 1171 585 0 1 9
3105 5 1171 585 0 4 1
3106 42 1171 585 0 1 1
3107 1 1577 1103 1 6 10
3108 1 1577 1103 0 6 12
3109 1 1577 1103 0 1 2
3110 34 1577 1103 0 4 8
3111 1 1577 1103 0 1 4
3112 4 1577 1103 0 3 6
3113 3 1577 1103 1 4 3
3114 2 1577 1103 1 3 4
3115 1 1577 1103 0 3 1
3116 1 1577 1103 0 4 3
3117 213 1947 1557 0 3 3
3118 118 1947 1557 0 2 6
3119 91 1947 1557 1 1 4
3120 95 1947 1557 0 3 11
3121 196 1947 1557 0 6 4
3122 1 1947 1557 0 2 7
3123 1 1947 1557 0 1 6
3124 192 1947 1557 0 2 5
3125 111 1947 1557 0 4 11
3126 168 1947 1557 0 4 4
3127 2 1425 855 0 2 11
3128 2 2239 1791 0 1 11
3129 1 1193 715 0 5 6
3130 1 843 505 0 5 9
3131 6 1455 727 0 3 4
3132 4 1070 535 0 1 6
3133 2 1209 604 0 2 4
3134 1 963 481 0 5 10
3135 6 1262 631 0 4 11
3136 2 1891 1134 0 5 12
3137 1 2364 1418 0 5 7
3138 1 1397 1117 0 2 6
3139 24 2097 1048 0 2 11
3140 1 849 679 0 6 2
3141 148 1260 1008 0 6 9
3142 1 1187 593 1 1 1
3143 4 1742 1219 0 1 1
3144 1 2127 1276 0 1 2
3145 2 2120 1484 0 6 4
3146 2 2376 1188 1 3 7
3147 1 1370 959 0 5 6