13500 2440
2071 1 1162 697 1 3 8
2072 1 1162 697 1 3 13
2073 2 1162 697 0 5 8
2074 170 1162 697 0 1 7
2075 204 1162 697 1 2 1
2076 1 1162 697 0 1 1
2077 1 1162 697 0 2 2
2078 1 2165 1515 0 4 11
2079 1 2165 1515 0 4 11
2080 2 2165 1515 1 6 9
2081 214 2165 1515 0 5 9
2082 5 2165 1515 0 1 10
2083 2 2165 1515 0 6 7
2084 5 2165 1515 0 3 8
2085 6 2449 1714 1 6 4
2086 20 2449 1714 0 1 6
2087 1 2449 1714 0 1 13
2088 153 2449 1714 0 3 2
2089 97 2449 1714 0 1 10
2090 86 2449 1714 0 6 12
2091 2 2449 1714 0 2 1
2092 149 1471 1176 0 2 13
2093 1 1471 1176 0 3 11
2094 4 1471 1176 0 6 5
2095 1 1471 1176 1 4 6
2096 146 1471 1176 0 2 8
2097 1 1471 1176 0 5 6
2098 3 1471 1176 0 5 8
2099 1 1242 621 0 5 7
2100 41 1242 621 0 5 11
2101 4 1242 621 0 4 3
2102 1 1242 621 0 1 2
2103 1 1242 621 0 2 8
2104 1 1242 621 0 3 1
2105 2 1242 621 0 4 12
2106 4 1028 616 0 6 10
2107 1 1028 616 0 2 11
2108 2 1028 616 0 2 8
2109 118 1028 616 0 1 3
2110 4 1028 616 0 6 5
2111 1 1028 616 0 1 12
2112 1 1028 616 0 2 10
2113 4 1202 961 0 1 3
2114 1 1353 676 0 6 2
2115 2 1195 597 0 3 5
2116 1 2146 1287 0 1 13
2117 1 2245 1571 1 1 10
2118 162 786 471 0 6 8
2119 16 881 440 0 5 8
2120 162 1452 1016 0 6 3
2121 5 1384 830 0 2 12
2122 1 1168 817 0 5 7
2123 1 1206 723 0 5 13
2124 1 2022 1011 0 4 3
2125 2 1539 769 0 3 12
2126 2 1421 710 0 5 2
2127 146 1286 643 0 6 10
2128 2 795 636 0 6 1