13500 2440
3546 1 806 403 0 1 4
3547 1 806 403 0 2 2
3548 1 806 403 0 6 5
3549 1 806 403 0 3 13
3550 1 806 403 0 3 5
3551 1 1088 870 0 1 5
3552 2 1088 870 1 3 10
3553 4 1088 870 0 1 9
3554 1 1088 870 0 4 5
3555 1 1088 870 0 2 2
3556 108 1103 661 0 5 1
3557 1 1103 661 0 4 1
3558 2 1103 661 0 6 8
3559 158 1103 661 0 1 2
3560 1 1103 661 0 3 7
3561 2 1435 861 0 1 1
3562 170 1435 861 0 5 7
3563 1 1435 861 1 2 11
3564 1 1435 861 0 6 7
3565 26 1435 861 0 2 13
3566 5 1016 508 0 2 1
3567 1 1016 508 0 1 9
3568 2 1016 508 0 5 3
3569 2 1016 508 0 2 8
3570 4 1016 508 0 3 13
3571 3 2013 1409 0 2 5
3572 1 2013 1409 0 1 10
3573 122 2013 1409 0 5 10
3574 1 2013 1409 0 3 3
3575 26 2013 1409 0 2 2
3576 1 880 704 0 5 3
3577 85 996 697 0 6 12
3578 168 2378 1426 0 6 12
3579 2 1310 786 0 5 4
3580 1 1513 756 0 2 2
3581 6 1695 1356 1 6 6
3582 1 1322 1057 0 6 8
3583 1 1972 1577 0 4 4
3584 1 1964 1178 1 2 13
3585 2 925 740 0 2 10
3586 3 1219 731 0 3 4
3587 2 1164 931 0 4 1
3588 1 1701 1190 1 2 3
3589 1 1108 664 0 3 6
3590 2 1562 781 0 2 10