13500 2440
3229 1 1322 793 0 4 2
3230 4 1322 793 0 6 2
3231 142 1322 793 0 1 5
3232 4 1322 793 0 2 11
3233 1 1965 982 0 1 3
3234 2 1965 982 0 6 1
3235 1 1965 982 1 3 4
3236 6 1965 982 1 5 4
3237 1 1148 803 1 1 11
3238 1 1148 803 0 2 3
3239 1 1148 803 0 4 12
3240 170 1148 803 1 1 12
3241 121 1044 835 0 4 12
3242 1 1044 835 0 6 4
3243 105 1044 835 0 6 1
3244 1 1044 835 1 3 4
3245 2 1205 843 0 6 10
3246 1 1205 843 0 5 3
3247 2 1205 843 0 5 6
3248 1 1205 843 0 4 5
3249 36 1566 1096 1 4 3
3250 2 1566 1096 1 5 4
3251 127 1566 1096 0 4 3
3252 1 1566 1096 0 3 11
3253 1 1196 598 0 1 3
3254 22 1196 956 0 4 4
3255 50 1163 581 0 1 13
3256 2 1900 950 0 4 11
3257 1 1638 1146 0 2 8
3258 154 1176 705 0 4 6
3259 1 1195 956 1 5 9
3260 3 900 540 0 1 3
3261 1 1178 824 1 4 6
3262 5 1995 1396 0 6 6
3263 2 846 592 0 3 1