13500 2440
831 1 2208 1766 0 2 8
832 128 2208 1766 0 6 1
833 1 2208 1766 0 2 9
834 2 2208 1766 0 3 3
835 4 2208 1766 0 4 9
836 1 2208 1766 0 2 9
837 2 1035 621 0 5 6
838 2 1035 621 0 5 13
839 2 1035 621 0 3 6
840 1 1035 621 1 1 12
841 2 1035 621 1 6 1
842 1 1035 621 0 5 5
843 1 2293 1375 0 3 12
844 6 2293 1375 1 2 8
845 1 2293 1375 0 3 10
846 1 2293 1375 0 5 13
847 1 2293 1375 0 2 13
848 2 2293 1375 0 6 9
849 4 1207 965 0 6 8
850 4 1207 965 0 5 7
851 152 1207 965 0 6 4
852 3 1207 965 0 6 9
853 4 1207 965 1 4 7
854 5 1207 965 0 2 6
855 5 1004 602 0 1 12
856 2 1004 602 0 5 3
857 209 1004 602 0 6 9
858 2 1004 602 0 4 6
859 1 1004 602 0 6 10
860 1 1004 602 0 2 2
861 104 1677 838 0 4 10
862 13 1677 838 0 1 13
863 2 1677 838 0 6 1
864 2 1677 838 1 5 12
865 2 1677 838 0 2 1
866 1 1677 838 0 1 8
867 57 1377 1101 0 3 8
868 1 1168 584 0 4 13
869 1 1112 889 0 5 6
870 6 957 765 0 2 10
871 6 1191 833 0 5 3
872 2 1182 709 0 4 9
873 153 2018 1412 0 5 4
874 2 1173 821 0 4 7
875 209 1140 912 0 1 12
876 3 1196 837 0 4 3
877 2 962 769 0 3 7
878 2 1120 784 0 5 10
879 2 1476 885 0 4 3
880 1 1232 862 0 6 4
881 60 1165 815 0 4 7
882 1 1193 954 0 3 13
883 1 1166 816 0 6 5
884 26 1394 975 0 3 5