13500 2440
138 20 1176 705 0 3 2
139 1 1176 705 0 5 7
140 162 1176 705 0 6 4
141 1 1176 705 0 4 10
142 70 1176 705 0 3 1
143 131 1283 769 0 1 3
144 1 1283 769 0 3 7
145 1 1283 769 0 5 3
146 114 1283 769 0 6 13
147 5 1283 769 0 6 7
148 2 1315 920 0 5 7
149 2 1315 920 0 3 6
150 2 1315 920 1 6 6
151 137 1315 920 0 4 12
152 100 1315 920 0 3 4
153 90 1210 605 0 2 12
154 6 1210 605 1 1 5
155 1 1210 605 0 2 5
156 30 1210 605 0 4 7
157 1 1210 605 1 3 12
158 1 2202 1101 1 5 13
159 191 2202 1101 0 1 13
160 6 2202 1101 0 1 6
161 82 2202 1101 0 2 6
162 161 2202 1101 0 3 11
163 150 1939 1163 0 4 1
164 1 1939 1163 1 3 7
165 1 1939 1163 0 5 8
166 2 1939 1163 0 5 10
167 2 1939 1163 0 1 6
168 1 803 401 0 4 4
169 1 2288 1601 0 6 13
170 2 1401 700 1 1 11
171 3 1069 855 0 6 13
172 2 1197 837 0 6 12
173 1 1182 591 0 1 3
174 6 1192 953 1 1 9
175 1 933 559 1 6 1
176 1 1973 1381 0 5 3
177 1 1316 789 0 6 9
178 2 1372 1097 0 3 5
179 1 1680 1176 0 1 5
180 197 1144 915 0 5 3