13500 2440
2790 1 1993 1594 0 2 3
2791 1 1993 1594 0 2 3
2792 1 1993 1594 0 4 4
2793 1 1993 1594 0 2 1
2794 1 1993 1594 0 2 7
2795 1 1993 1594 0 6 6
2796 115 1993 1594 0 3 7
2797 168 1993 1594 0 5 11
2798 1 788 472 0 2 1
2799 1 788 472 0 2 5
2800 2 788 472 0 4 8
2801 53 788 472 0 4 10
2802 188 788 472 0 2 1
2803 1 788 472 0 2 12
2804 4 788 472 0 2 2
2805 1 788 472 0 6 6
2806 5 1358 814 0 6 4
2807 91 1358 814 0 3 8
2808 2 1358 814 0 5 9
2809 1 1358 814 1 2 1
2810 56 1358 814 0 5 12
2811 3 1358 814 0 5 7
2812 1 1358 814 0 6 3
2813 1 1358 814 0 2 4
2814 118 869 608 0 3 8
2815 1 869 608 0 5 1
2816 4 869 608 0 5 2
2817 1 869 608 0 3 2
2818 2 869 608 0 1 8
2819 1 869 608 0 2 2
2820 1 869 608 0 5 8
2821 1 869 608 0 5 2
2822 28 1162 813 1 2 3
2823 5 1162 813 0 2 11
2824 132 1162 813 0 5 12
2825 3 1162 813 0 4 4
2826 1 1162 813 0 6 13
2827 2 1162 813 0 1 4
2828 6 1162 813 0 6 4
2829 4 1162 813 0 5 2
2830 1 1142 571 0 5 4
2831 1 1142 571 0 3 1
2832 1 1142 571 0 3 3
2833 84 1142 571 0 6 6
2834 112 1142 571 1 4 1
2835 125 1142 571 0 4 5
2836 2 1142 571 0 4 13
2837 209 1142 571 0 6 6
2838 2 2092 1255 0 2 12
2839 23 1712 1027 0 5 7
2840 1 1179 589 0 2 10
2841 55 1204 842 0 4 9
2842 35 2280 1140 1 5 4
2843 140 1160 580 0 5 6
2844 1 2485 1491 0 3 12
2845 103 1719 1031 0 2 11
2846 2 1254 877 0 6 6
2847 2 1362 1089 0 1 10
2848 22 1705 1193 1 4 12
2849 2 1657 1325 0 1 13
2850 2 1607 1124 0 1 1
2851 1 1170 819 0 1 11
2852 2 781 546 1 4 6
2853 1 2310 1155 0 1 6
2854 208 2491 1992 0 1 9