13500 2440
3780 1 1865 1492 0 2 5
3781 171 1865 1492 0 3 5
3782 147 1865 1492 0 3 2
3783 82 1170 819 0 4 10
3784 1 1170 819 0 3 6
3785 4 1170 819 0 4 3
3786 1 1305 783 0 3 1
3787 2 1305 783 0 2 12
3788 2 1305 783 0 4 13
3789 167 2507 2005 0 3 8
3790 2 2507 2005 1 4 3
3791 2 2507 2005 0 2 1
3792 1 1192 953 0 4 5
3793 5 1192 953 0 6 3
3794 1 1192 953 1 3 8
3795 139 1206 603 1 2 2
3796 5 1206 603 0 2 5
3797 2 1206 603 0 6 9
3798 81 934 653 0 6 8
3799 1 1458 1166 0 1 6
3800 1 1956 1173 0 2 7
3801 1 1212 727 0 6 11
3802 3 1020 510 0 4 4
3803 1 961 672 0 6 5
3804 1 1106 884 0 6 5
3805 2 2463 1970 0 3 5
3806 5 1203 962 0 6 13
3807 1 996 498 0 3 8
3808 43 1274 637 0 5 11
3809 1 1182 709 0 4 6