13500 2440
557 35 1191 714 0 6 6
558 193 1191 714 0 2 4
559 2 1191 714 0 6 13
560 212 1333 666 0 4 2
561 30 1333 666 1 3 8
562 5 1333 666 0 3 2
563 5 1845 922 0 6 5
564 70 1845 922 0 1 10
565 61 1845 922 0 6 1
566 57 1464 1024 0 5 12
567 6 1464 1024 0 5 9
568 4 1464 1024 0 5 1
569 2 2350 1880 0 4 6
570 196 2350 1880 0 2 11
571 3 2350 1880 0 4 11
572 1 1137 795 0 6 2
573 210 1137 795 0 6 1
574 1 1137 795 0 4 12
575 42 814 569 0 3 8
576 6 1074 859 0 2 6
577 6 826 413 0 3 1
578 2 986 493 0 2 12
579 2 1019 509 0 6 11
580 6 1809 1266 0 4 10
581 5 894 625 0 5 11
582 1 2129 1064 0 6 2
583 2 1164 814 0 6 5
584 2 1311 786 1 3 1
585 2 2028 1622 0 2 7
586 153 894 447 0 2 1