13500 2440
1623 126 1603 1122 0 6 7
1624 2 1603 1122 0 5 6
1625 63 1603 1122 0 3 10
1626 4 1603 1122 0 4 5
1627 3 1603 1122 0 5 5
1628 164 1603 1122 1 5 6
1629 3 1603 1122 0 1 4
1630 1 1603 1122 0 4 11
1631 143 1603 1122 0 6 10
1632 212 1603 1122 1 3 2
1633 6 1603 1122 0 5 13
1634 1 1603 1122 0 1 2
1635 1 2311 1617 0 1 7
1636 5 2311 1617 1 5 1
1637 5 2311 1617 0 6 3
1638 2 2311 1617 0 3 12
1639 1 2311 1617 0 3 11
1640 212 2311 1617 0 3 7
1641 79 2311 1617 0 1 5
1642 1 2311 1617 1 4 13
1643 151 2311 1617 0 5 1
1644 1 2311 1617 0 3 1
1645 122 2311 1617 0 6 7
1646 1 2311 1617 0 6 5
1647 1 1932 1545 0 4 11
1648 4 1932 1545 0 5 1
1649 2 1932 1545 0 2 11
1650 26 1932 1545 1 6 9
1651 3 1932 1545 0 1 10
1652 43 1932 1545 0 3 11
1653 3 1932 1545 0 5 3
1654 4 1932 1545 0 1 1
1655 1 1932 1545 0 3 7
1656 61 1932 1545 0 4 7
1657 4 1932 1545 1 4 1
1658 2 1932 1545 0 2 11
1659 1 1076 860 0 5 6
1660 2 1076 860 0 6 10
1661 6 1076 860 0 5 1
1662 3 1076 860 0 2 11
1663 1 1076 860 0 4 13
1664 3 1076 860 0 1 13
1665 196 1076 860 0 2 10
1666 64 1076 860 0 2 13
1667 2 1076 860 0 5 11
1668 4 1076 860 0 5 5
1669 184 1076 860 0 1 6
1670 170 1076 860 0 2 4
1671 1 1073 536 0 1 6
1672 1 1073 536 1 3 1
1673 2 1073 536 0 1 9
1674 151 1073 536 0 5 13
1675 177 1073 536 0 1 4
1676 6 1073 536 0 3 6
1677 1 1073 536 0 6 4
1678 1 1073 536 0 5 5
1679 1 1073 536 0 2 5
1680 5 1073 536 0 5 4
1681 3 1073 536 0 4 11
1682 1 1073 536 0 3 1
1683 6 1237 618 0 6 8
1684 3 1237 618 0 3 11
1685 1 1237 618 0 5 10
1686 1 1237 618 0 1 6
1687 2 1237 618 1 5 6
1688 2 1237 618 0 1 9
1689 2 1237 618 0 2 10
1690 1 1237 618 0 5 12
1691 125 1237 618 1 3 3
1692 2 1237 618 0 4 12
1693 1 1237 618 0 1 9
1694 6 1237 618 1 4 8
1695 1 1351 810 0 5 3
1696 3 1875 1125 0 4 9
1697 1 1229 860 1 1 3
1698 2 2369 1421 0 2 2
1699 1 890 623 1 6 9
1700 1 1185 711 0 1 5
1701 1 1175 822 0 5 2
1702 1 870 522 0 3 2
1703 2 2084 1458 0 3 11
1704 2 1177 941 0 1 12
1705 2 1177 823 0 3 4
1706 1 1206 603 1 6 7
1707 1 1188 594 0 2 11
1708 3 1351 945 0 1 3
1709 2 1210 847 0 6 11
1710 4 1163 697 0 3 12
1711 6 1180 826 0 5 11
1712 2 1437 718 1 4 5
1713 2 2113 1267 0 2 13
1714 1 1209 725 1 1 11
1715 2 2314 1619 0 2 3
1716 1 1427 713 1 1 4
1717 80 1162 697 0 4 6
1718 1 2565 1282 0 4 10
1719 113 952 761 0 5 8
1720 5 1175 940 0 5 3