13500 2440
4192 108 1161 580 0 4 5
4193 2 1161 580 0 3 8
4194 2 1161 580 0 4 7
4195 1 1161 580 0 5 10
4196 2 1161 580 0 2 11
4197 156 1161 580 0 5 6
4198 3 1161 580 0 2 6
4199 1 1161 580 1 6 3
4200 4 1161 580 0 2 6
4201 2 2107 1474 0 5 11
4202 32 2107 1474 0 2 9
4203 1 2107 1474 0 1 12
4204 6 2107 1474 0 5 12
4205 4 2107 1474 0 2 8
4206 1 2107 1474 0 3 4
4207 167 2107 1474 1 2 2
4208 1 2107 1474 0 1 7
4209 3 2107 1474 0 3 9
4210 164 1035 828 0 3 5
4211 3 1035 828 0 3 8
4212 3 1035 828 0 3 10
4213 1 1035 828 0 5 13
4214 2 1035 828 0 1 8
4215 5 1035 828 0 4 9
4216 1 1035 828 0 6 5
4217 2 1035 828 0 4 11
4218 1 1035 828 0 4 7
4219 4 931 651 1 6 1
4220 1 931 651 0 6 9
4221 1 931 651 0 5 9
4222 1 931 651 0 6 5
4223 1 931 651 0 6 5
4224 119 931 651 0 6 9
4225 2 931 651 0 3 7
4226 1 931 651 0 1 1
4227 3 931 651 1 6 13
4228 2 1194 835 0 6 1
4229 1 1194 835 0 6 6
4230 45 1194 835 0 3 10
4231 1 1194 835 0 6 11
4232 1 1194 835 0 6 11
4233 1 1194 835 0 1 6
4234 1 1194 835 0 1 13
4235 194 1194 835 0 2 2
4236 104 1194 835 1 5 5
4237 1 2433 1216 0 1 1
4238 63 2433 1216 0 2 4
4239 1 2433 1216 0 6 10
4240 79 2433 1216 0 5 3
4241 1 2433 1216 0 2 11
4242 1 2433 1216 0 4 12
4243 1 2433 1216 0 1 8
4244 121 2433 1216 0 2 5
4245 1 2433 1216 0 3 7
4246 2 892 446 1 5 10
4247 27 1187 593 0 3 3
4248 95 1247 748 0 1 1
4249 2 1869 1495 0 1 6
4250 5 1307 1045 0 1 9
4251 2 1461 1022 0 3 11
4252 5 1168 817 0 4 11
4253 6 1421 710 0 5 9
4254 1 1349 674 0 2 6
4255 1 958 670 0 5 10
4256 2 2131 1278 0 6 4
4257 1 1732 1212 0 3 2
4258 87 950 475 0 3 3
4259 6 1192 953 0 1 4
4260 3 1290 645 0 6 13
4261 1 801 400 0 3 11
4262 2 1314 1051 0 5 2
4263 2 1505 1053 0 2 4
4264 1 1034 827 0 6 3