13500 2440
4515 1 1882 1505 0 2 2
4516 137 1882 1505 0 3 6
4517 1 1882 1505 1 5 8
4518 1 1882 1505 0 5 9
4519 204 1882 1505 0 3 9
4520 1 1882 1505 0 2 8
4521 135 1576 1260 0 4 11
4522 2 1576 1260 0 5 1
4523 2 1576 1260 0 2 10
4524 2 1576 1260 0 2 2
4525 214 1576 1260 0 3 7
4526 217 1576 1260 0 5 10
4527 1 792 633 0 5 11
4528 2 792 633 0 5 9
4529 2 792 633 0 2 8
4530 3 792 633 0 4 8
4531 1 792 633 0 3 10
4532 3 792 633 0 5 2
4533 1 1164 814 0 1 7
4534 3 1164 814 0 2 13
4535 4 1164 814 1 1 3
4536 130 1164 814 0 2 6
4537 1 1164 814 0 6 9
4538 66 1164 814 0 5 7
4539 5 1157 694 0 5 6
4540 1 1157 694 0 5 6
4541 1 1157 694 0 1 5
4542 149 1157 694 0 1 7
4543 1 1157 694 0 1 2
4544 6 1157 694 0 2 10
4545 61 1182 709 0 4 10
4546 1 1182 709 0 1 13
4547 168 1182 709 0 6 4
4548 1 1182 709 0 6 13
4549 4 1182 709 0 2 12
4550 1 1182 709 0 3 1
4551 1 2442 1221 1 4 2
4552 1 1082 865 1 3 7
4553 2 1229 983 0 5 10
4554 1 1190 833 0 5 5
4555 105 1058 529 1 3 10
4556 1 1168 700 0 1 11
4557 48 1717 858 0 5 10
4558 5 2121 1484 0 4 10
4559 192 1035 724 0 5 12
4560 1 1252 626 0 6 5
4561 2 1635 981 1 4 5
4562 1 1189 951 0 4 5
4563 2 1351 810 0 4 7
4564 5 1172 703 0 1 1
4565 1 1211 605 0 1 3
4566 25 1189 951 0 4 11