13500 2440
4283 1 885 619 0 5 10
4284 2 885 619 0 2 12
4285 2 885 619 0 5 7
4286 1 885 619 0 1 9
4287 2 885 619 0 5 13
4288 2 885 619 0 6 5
4289 91 885 619 0 2 1
4290 6 885 619 0 2 6
4291 1 885 619 0 1 7
4292 1 834 500 1 3 12
4293 5 834 500 0 1 6
4294 14 834 500 0 6 12
4295 1 834 500 0 6 4
4296 6 834 500 1 2 10
4297 1 834 500 0 4 7
4298 2 834 500 0 5 1
4299 1 834 500 0 2 7
4300 1 834 500 0 6 3
4301 205 830 664 0 3 12
4302 69 830 664 0 6 9
4303 3 830 664 1 6 11
4304 5 830 664 0 6 8
4305 3 830 664 0 6 12
4306 2 830 664 1 2 4
4307 1 830 664 0 1 4
4308 102 830 664 0 4 10
4309 139 830 664 1 2 13
4310 1 1444 722 0 1 2
4311 1 1444 722 0 6 11
4312 2 1444 722 0 6 2
4313 146 1444 722 0 3 3
4314 4 1444 722 0 4 12
4315 70 1444 722 1 4 5
4316 145 1444 722 0 4 13
4317 2 1444 722 0 4 10
4318 2 1444 722 0 5 7
4319 6 1520 1064 0 5 13
4320 60 1520 1064 0 3 12
4321 1 1520 1064 1 1 2
4322 5 1520 1064 0 5 6
4323 2 1520 1064 0 5 3
4324 3 1520 1064 0 3 10
4325 28 1520 1064 0 5 4
4326 2 1520 1064 0 1 9
4327 1 1520 1064 0 6 8
4328 79 1399 839 0 4 1
4329 1 1399 839 0 6 6
4330 211 1399 839 1 4 4
4331 3 1399 839 0 3 5
4332 1 1399 839 1 6 8
4333 2 1399 839 0 3 11
4334 1 1399 839 0 5 6
4335 1 1399 839 0 3 8
4336 1 1399 839 0 1 8
4337 1 1457 874 1 4 2
4338 2 1453 871 0 3 3
4339 207 1204 963 0 6 11
4340 1 1944 1166 0 6 1
4341 1 1384 1107 0 5 13
4342 1 1198 599 0 5 6
4343 5 1505 903 0 2 7
4344 2 2139 1069 0 1 10
4345 5 1270 635 0 1 3
4346 139 1584 1267 1 1 8
4347 50 1088 761 0 2 11
4348 2 1173 938 0 3 8
4349 51 807 645 0 4 11
4350 1 1342 939 0 4 11
4351 1 1092 655 0 4 5
4352 3 1184 947 0 2 5
4353 2 2126 1063 0 5 12
4354 2 1289 644 0 3 4
4355 1 809 485 0 2 8
4356 2 1427 856 1 1 1