13500 2440
1107 1 1400 840 0 2 11
1108 1 1400 840 0 3 11
1109 1 1400 840 0 6 3
1110 1 1400 840 0 5 11
1111 3 1400 840 0 2 4
1112 1 1400 840 0 4 12
1113 1 1400 840 0 6 13
1114 2 1400 840 0 2 13
1115 53 1400 840 0 4 6
1116 2 1400 840 0 6 4
1117 162 1400 840 0 5 8
1118 1 1400 840 0 6 13
1119 3 2415 1207 0 1 12
1120 3 2415 1207 0 5 5
1121 2 2415 1207 0 4 10
1122 180 2415 1207 0 3 5
1123 1 2415 1207 0 5 4
1124 1 2415 1207 0 6 10
1125 1 2415 1207 0 1 2
1126 110 2415 1207 0 6 2
1127 1 2415 1207 0 5 9
1128 107 2415 1207 0 1 8
1129 1 2415 1207 0 3 4
1130 1 2415 1207 0 1 7
1131 6 2136 1281 0 2 4
1132 2 2136 1281 0 6 6
1133 5 2136 1281 1 2 2
1134 1 2136 1281 0 2 4
1135 4 2136 1281 0 3 2
1136 6 2136 1281 0 2 10
1137 2 2136 1281 0 6 13
1138 123 2136 1281 0 5 7
1139 1 2136 1281 0 3 10
1140 118 2136 1281 0 6 13
1141 5 2136 1281 0 1 8
1142 1 2136 1281 0 3 9
1143 2 1958 1566 0 3 9
1144 19 1958 1566 0 1 6
1145 2 1958 1566 0 6 6
1146 1 1958 1566 0 6 11
1147 1 1958 1566 0 3 6
1148 3 1958 1566 0 3 1
1149 1 1958 1566 0 6 12
1150 39 1958 1566 1 2 3
1151 12 1958 1566 0 3 3
1152 195 1958 1566 0 1 3
1153 63 1958 1566 0 2 1
1154 2 1958 1566 0 1 9
1155 6 2339 1637 0 4 8
1156 2 2339 1637 0 2 3
1157 1 2339 1637 1 1 2
1158 150 2339 1637 0 1 5
1159 133 2339 1637 0 3 2
1160 36 2339 1637 0 1 5
1161 1 2339 1637 0 1 2
1162 1 2339 1637 0 1 5
1163 1 2339 1637 0 4 7
1164 1 2339 1637 0 4 7
1165 130 2339 1637 0 3 4
1166 103 2339 1637 0 2 3
1167 1 1026 615 0 6 8
1168 6 1026 615 0 3 7
1169 6 1026 615 0 4 9
1170 75 1026 615 0 1 8
1171 1 1026 615 1 2 8
1172 1 1026 615 0 2 4
1173 5 1026 615 0 2 11
1174 8 1026 615 0 3 6
1175 2 1026 615 0 6 13
1176 1 1026 615 0 1 13
1177 4 1026 615 0 3 3
1178 1 1026 615 0 2 1
1179 1 2375 1425 0 2 9
1180 1 1435 1004 0 3 11
1181 138 1116 669 0 1 11
1182 1 1248 624 0 5 5
1183 1 1394 697 0 1 6
1184 3 1170 702 0 2 12
1185 53 1715 1372 0 4 5
1186 173 967 773 0 3 1
1187 4 1393 835 0 1 5
1188 1 1183 946 0 4 5
1189 2 976 780 0 4 12
1190 1 1350 810 0 2 8
1191 6 788 394 0 2 11
1192 1 2107 1053 0 5 10
1193 111 1227 736 0 2 9
1194 1 1319 1055 0 1 7
1195 1 1021 510 0 6 8
1196 5 2500 1750 1 1 11
1197 3 1192 715 0 2 10
1198 1 860 516 0 2 5
1199 1 804 562 1 3 11
1200 1 1805 1083 0 2 5
1201 4 1928 1542 1 2 6
1202 1 1442 1009 0 1 11