13500 2440
2351 50 1170 702 0 2 12
2352 2 1170 702 0 4 2
2353 2 1170 702 1 4 3
2354 2 1395 837 0 6 7
2355 3 1395 837 0 2 5
2356 1 1395 837 1 4 2
2357 2 1680 1176 0 5 11
2358 2 1680 1176 0 3 10
2359 2 1680 1176 0 6 3
2360 2 1862 1117 0 3 8
2361 3 1862 1117 0 6 11
2362 82 1862 1117 1 1 2
2363 2 1550 775 0 3 8
2364 2 1550 775 0 3 3
2365 1 1550 775 0 1 1
2366 1 1842 921 0 3 4
2367 2 1842 921 0 6 7
2368 71 1842 921 0 5 10
2369 5 1262 757 0 3 2
2370 1 1184 592 0 6 4
2371 1 2162 1729 0 5 5
2372 2 852 596 1 4 7
2373 1 845 422 0 5 7
2374 1 2001 1400 1 3 8
2375 2 1179 943 0 6 1