13500 2440
2467 69 1434 717 0 4 9
2468 3 1434 717 0 2 10
2469 5 1434 717 0 4 1
2470 4 1434 717 0 4 5
2471 2 1434 717 0 6 12
2472 2 1434 717 0 3 1
2473 1 1434 717 0 5 6
2474 4 1434 717 0 1 9
2475 1 1434 717 0 2 3
2476 55 1434 717 1 5 11
2477 5 1386 693 0 2 6
2478 59 1386 693 0 6 11
2479 127 1386 693 0 4 2
2480 2 1386 693 0 1 9
2481 1 1386 693 0 2 11
2482 4 1386 693 1 2 7
2483 1 1386 693 0 3 5
2484 3 1386 693 0 3 13
2485 5 1386 693 0 6 1
2486 33 1386 693 0 4 11
2487 1 912 638 0 3 9
2488 1 912 638 0 4 8
2489 1 912 638 0 1 1
2490 2 912 638 0 2 10
2491 4 912 638 0 3 8
2492 3 912 638 0 2 7
2493 1 912 638 0 5 8
2494 200 912 638 0 1 10
2495 2 912 638 0 4 4
2496 2 912 638 0 3 6
2497 1 2324 1626 0 1 12
2498 1 2324 1626 0 2 10
2499 3 2324 1626 0 3 12
2500 2 2324 1626 0 5 10
2501 2 2324 1626 0 1 1
2502 216 2324 1626 0 1 10
2503 5 2324 1626 0 4 11
2504 122 2324 1626 0 1 6
2505 1 2324 1626 0 3 3
2506 83 2324 1626 0 5 8
2507 1 1165 932 0 1 9
2508 6 1165 932 0 2 7
2509 16 1165 932 1 4 5
2510 173 1165 932 0 4 12
2511 1 1165 932 0 5 5
2512 186 1165 932 0 2 4
2513 1 1165 932 0 4 13
2514 2 1165 932 0 2 11
2515 1 1165 932 0 4 13
2516 186 1165 932 0 6 5
2517 1 1282 897 0 5 2
2518 3 1282 897 0 6 6
2519 1 1282 897 0 5 12
2520 2 1282 897 0 4 9
2521 1 1282 897 0 1 10
2522 3 1282 897 0 4 10
2523 3 1282 897 0 1 11
2524 1 1282 897 0 3 9
2525 2 1282 897 0 6 13
2526 34 1282 897 0 2 7
2527 1 1242 869 0 5 12
2528 1 1081 540 0 4 13
2529 76 1064 744 0 1 2
2530 2 1018 509 0 5 8
2531 1 833 666 0 6 12
2532 1 2407 1203 0 5 9
2533 2 925 647 0 5 1
2534 3 2470 1482 0 4 9
2535 2 1265 759 0 2 5
2536 1 1193 835 0 4 4
2537 1 1412 847 0 3 9
2538 95 1147 688 1 4 8
2539 2 1429 1143 0 6 5
2540 189 1234 987 0 2 9
2541 15 2435 1948 0 4 9
2542 4 2521 2016 0 1 11
2543 1 2357 1885 0 6 6
2544 69 1452 1016 0 2 5
2545 1 1188 594 1 5 6
2546 2 2527 2021 0 4 1
2547 1 1289 902 0 5 5
2548 2 2161 1296 1 3 8
2549 4 1157 578 0 4 4
2550 157 1070 749 0 1 6
2551 3 1173 938 0 6 12