13500 2440
1310 1 1228 614 0 2 2
1311 192 1228 614 0 1 9
1312 2 1228 614 0 1 5
1313 1 1228 614 0 1 13
1314 1 1228 614 0 6 11
1315 162 1228 614 0 4 12
1316 86 1228 614 0 2 10
1317 77 1228 614 0 3 6
1318 1 1228 614 0 4 3
1319 1 1228 614 0 4 10
1320 1 1228 614 0 3 13
1321 6 1387 970 0 5 1
1322 6 1387 970 0 1 10
1323 1 1387 970 0 3 7
1324 3 1387 970 0 5 8
1325 1 1387 970 0 6 11
1326 1 1387 970 0 1 4
1327 1 1387 970 0 6 9
1328 3 1387 970 0 5 2
1329 2 1387 970 0 3 13
1330 67 1387 970 0 1 11
1331 1 1387 970 0 6 13
1332 27 1429 714 0 4 10
1333 4 1429 714 0 3 3
1334 5 1429 714 0 6 12
1335 2 1429 714 0 6 10
1336 2 1429 714 0 6 12
1337 5 1429 714 1 4 13
1338 122 1429 714 0 5 3
1339 2 1429 714 0 1 5
1340 1 1429 714 0 5 5
1341 3 1429 714 0 1 13
1342 171 1429 714 0 4 9
1343 2 1016 609 0 5 6
1344 2 1016 609 0 4 8
1345 1 1016 609 1 2 5
1346 1 1016 609 0 3 4
1347 1 1016 609 1 1 10
1348 1 1016 609 0 4 10
1349 1 1016 609 0 5 8
1350 34 1016 609 0 5 13
1351 89 1016 609 1 6 8
1352 6 1016 609 0 3 7
1353 6 1016 609 0 3 9
1354 193 1197 718 0 1 7
1355 4 1197 718 0 2 3
1356 1 1197 718 0 1 7
1357 1 1197 718 0 3 8
1358 46 1197 718 0 3 8
1359 1 1197 718 0 1 2
1360 1 1197 718 0 2 7
1361 139 1197 718 0 2 5
1362 107 1197 718 0 1 11
1363 2 1197 718 0 5 13
1364 2 1197 718 0 4 6
1365 6 1115 892 0 5 12
1366 84 1115 892 1 3 6
1367 1 1115 892 0 6 8
1368 3 1115 892 0 4 12
1369 5 1115 892 0 3 10
1370 6 1115 892 0 3 10
1371 109 1115 892 0 4 10
1372 2 1115 892 0 4 8
1373 1 1115 892 1 2 5
1374 195 1115 892 0 6 11
1375 1 1115 892 0 1 4
1376 1 1184 592 0 1 4
1377 1 1053 526 0 3 9
1378 5 1105 884 0 6 2
1379 1 795 477 0 6 6
1380 195 1201 840 0 3 6
1381 1 1310 786 1 4 1
1382 1 913 456 0 6 7
1383 111 1176 588 0 2 11
1384 1 1403 841 0 3 9
1385 1 793 555 0 1 3
1386 1 1199 719 0 2 5
1387 186 1161 696 0 6 6
1388 1 1574 787 0 5 2
1389 1 2101 1260 0 1 13
1390 1 788 630 0 3 12
1391 3 2092 1046 0 6 10
1392 1 2435 1461 1 1 3
1393 1 2262 1131 0 6 13
1394 36 1072 643 0 4 5
1395 1 1164 931 1 5 10
1396 67 2064 1238 0 6 3
1397 3 1805 1083 1 2 6
1398 6 1193 954 1 6 7
1399 3 1388 832 0 6 5
1400 1 857 685 0 5 5
1401 4 2038 1630 0 4 10
1402 1 1446 867 0 6 5