13500 2440
2129 2 1196 598 0 3 3
2130 5 1196 598 0 4 3
2131 6 1196 598 0 5 7
2132 2 1196 598 1 3 10
2133 1 1196 598 1 5 8
2134 5 1196 598 0 2 3
2135 1 1196 598 0 1 12
2136 3 1196 598 0 4 5
2137 1 1196 598 0 2 11
2138 197 1438 862 0 1 2
2139 2 1438 862 0 4 8
2140 41 1438 862 1 1 9
2141 1 1438 862 0 1 7
2142 2 1438 862 0 2 3
2143 5 1438 862 1 3 6
2144 4 1438 862 0 6 9
2145 3 1438 862 0 2 6
2146 213 1438 862 0 4 12
2147 121 1413 1130 0 6 4
2148 1 1413 1130 1 5 11
2149 1 1413 1130 0 6 3
2150 1 1413 1130 0 3 8
2151 2 1413 1130 0 2 10
2152 2 1413 1130 0 1 2
2153 178 1413 1130 0 4 1
2154 1 1413 1130 0 2 8
2155 28 1413 1130 0 6 6
2156 5 1246 747 0 3 5
2157 2 1246 747 0 2 8
2158 1 1246 747 0 3 7
2159 1 1246 747 0 4 1
2160 3 1246 747 0 4 12
2161 3 1246 747 1 4 6
2162 2 1246 747 0 2 8
2163 155 1246 747 1 4 11
2164 186 1246 747 0 1 11
2165 1 1295 647 0 6 6
2166 1 1295 647 1 2 7
2167 1 1295 647 0 5 12
2168 139 1295 647 0 6 13
2169 126 1295 647 0 3 12
2170 1 1295 647 0 2 8
2171 1 1295 647 0 3 2
2172 2 1295 647 0 4 7
2173 1 1295 647 0 6 1
2174 1 1382 691 0 2 4
2175 2 1382 691 0 1 2
2176 1 1382 691 0 4 8
2177 182 1382 691 0 6 6
2178 6 1382 691 0 6 6
2179 193 1382 691 0 3 12
2180 3 1382 691 0 4 1
2181 1 1382 691 0 4 10
2182 151 1382 691 0 2 9
2183 17 1007 604 0 2 12
2184 1 1181 826 0 6 6
2185 1 1891 1134 0 1 1
2186 163 1003 802 0 3 6
2187 3 2372 1897 0 2 1
2188 1 1115 669 0 2 7
2189 1 1261 1008 0 3 10
2190 131 1195 717 0 5 4
2191 1 1370 959 0 3 12
2192 1 1350 675 1 3 10
2193 5 1001 800 0 3 10
2194 153 1264 758 0 5 7
2195 1 1241 620 1 2 11
2196 2 1193 954 0 6 5
2197 172 1163 697 0 1 1
2198 115 1183 828 0 3 9
2199 103 1656 993 0 2 2
2200 1 900 720 0 3 7
2201 5 1124 899 0 4 8
2202 2 1438 719 1 6 10
2203 4 1296 907 0 6 1
2204 1 973 778 0 1 11
2205 2 1044 522 0 1 13