13500 2440
3498 115 1159 695 1 6 12
3499 1 1159 695 0 4 4
3500 6 1159 695 1 1 6
3501 1 1159 695 0 2 4
3502 3 2413 1447 0 6 2
3503 1 2413 1447 0 2 6
3504 213 2413 1447 1 1 10
3505 1 2413 1447 0 1 4
3506 58 1353 811 0 3 5
3507 2 1353 811 1 6 9
3508 2 1353 811 0 6 4
3509 2 1353 811 0 1 13
3510 6 1271 762 0 4 2
3511 2 1271 762 0 3 4
3512 6 1271 762 0 6 7
3513 1 1271 762 0 4 8
3514 1 1060 742 0 6 6
3515 3 1060 742 0 2 2
3516 99 1060 742 0 1 10
3517 1 1060 742 0 1 10
3518 3 1774 887 0 2 12
3519 1 1774 887 0 2 8
3520 1 1774 887 0 1 2
3521 2 1774 887 0 1 8
3522 1 1451 725 0 4 12
3523 1 1153 807 0 6 13
3524 3 2078 1662 0 6 13
3525 3 1104 772 0 5 6
3526 1 1162 581 1 5 5
3527 2 1891 1512 0 1 11
3528 1 1170 819 0 1 7
3529 1 2378 1189 0 5 9
3530 1 2210 1547 0 1 11
3531 2 1222 611 0 6 7
3532 2 1169 584 1 5 2