13500 2440
3928 2 1511 1208 0 6 7
3929 3 1511 1208 1 3 13
3930 5 1511 1208 0 3 12
3931 2 1511 1208 0 2 7
3932 103 1511 1208 0 4 3
3933 6 1511 1208 0 6 11
3934 106 1511 1208 0 1 9
3935 1 1511 1208 0 5 6
3936 1 1511 1208 0 2 12
3937 64 1511 1208 0 3 10
3938 2 1511 1208 0 5 12
3939 1 1451 1015 1 5 8
3940 3 1451 1015 0 1 7
3941 1 1451 1015 1 5 10
3942 6 1451 1015 0 4 8
3943 5 1451 1015 0 5 13
3944 162 1451 1015 0 4 7
3945 94 1451 1015 0 6 4
3946 4 1451 1015 0 3 8
3947 4 1451 1015 0 4 13
3948 1 1451 1015 0 6 9
3949 1 1451 1015 1 4 12
3950 110 1158 694 1 6 9
3951 6 1158 694 0 3 9
3952 6 1158 694 0 3 3
3953 2 1158 694 0 2 9
3954 1 1158 694 1 6 2
3955 1 1158 694 0 6 12
3956 2 1158 694 0 4 4
3957 191 1158 694 0 1 7
3958 71 1158 694 0 1 4
3959 2 1158 694 1 4 11
3960 1 1158 694 0 1 6
3961 55 1287 1029 0 3 1
3962 2 1287 1029 0 4 8
3963 1 1287 1029 0 6 1
3964 21 1287 1029 0 6 8
3965 5 1287 1029 0 6 1
3966 1 1287 1029 0 5 13
3967 1 1287 1029 0 3 2
3968 4 1287 1029 0 6 7
3969 3 1287 1029 0 1 3
3970 4 1287 1029 0 4 5
3971 5 1287 1029 0 5 2
3972 84 1378 689 0 4 12
3973 162 1378 689 0 5 13
3974 3 1378 689 0 4 5
3975 5 1378 689 0 4 6
3976 1 1378 689 1 5 7
3977 4 1378 689 0 1 11
3978 6 1378 689 0 2 5
3979 5 1378 689 0 1 13
3980 56 1378 689 0 1 6
3981 3 1378 689 0 2 13
3982 1 1378 689 0 6 11
3983 1 993 695 0 3 12
3984 8 993 695 0 3 11
3985 5 993 695 0 4 12
3986 1 993 695 0 1 9
3987 1 993 695 1 1 2
3988 1 993 695 0 4 13
3989 2 993 695 0 1 12
3990 79 993 695 0 2 10
3991 3 993 695 0 3 8
3992 5 993 695 0 4 6
3993 2 993 695 1 3 1
3994 2 1371 685 0 1 2
3995 1 2456 1228 0 1 11
3996 5 1175 822 1 4 12
3997 2 890 623 0 5 7
3998 2 927 741 0 3 4
3999 2 1049 524 0 6 9
4000 125 1165 699 0 1 8
4001 1 1197 598 0 3 10
4002 2 1444 1010 1 1 10
4003 3 1017 711 0 3 6
4004 2 1203 842 0 3 7
4005 79 1316 658 0 1 13
4006 6 1460 730 0 6 8
4007 1 1181 826 0 2 13
4008 1 1178 589 0 1 6
4009 1 1385 969 0 5 12
4010 13 1227 858 1 6 11
4011 175 1307 784 0 2 4
4012 1 794 476 0 4 5
4013 1 1096 767 0 1 8
4014 186 1207 603 0 3 7
4015 6 976 780 0 2 7