13500 2440
4641 8 1302 911 0 5 2
4642 58 1302 911 0 6 10
4643 6 1302 911 1 2 10
4644 116 1302 911 0 5 5
4645 2 1302 911 0 1 4
4646 2 1302 911 0 2 9
4647 6 1302 911 0 3 8
4648 2 1302 911 0 3 2
4649 6 1302 911 0 3 3
4650 1 1306 653 0 1 1
4651 122 1306 653 0 5 9
4652 181 1306 653 0 5 13
4653 6 1306 653 0 3 2
4654 1 1306 653 0 1 2
4655 216 1306 653 0 5 7
4656 57 1306 653 0 6 1
4657 1 1306 653 0 1 7
4658 2 1306 653 0 5 7
4659 2 2269 1134 0 6 13
4660 1 2269 1134 1 1 1
4661 1 2269 1134 0 3 8
4662 2 2269 1134 0 1 2
4663 2 2269 1134 0 5 13
4664 6 2269 1134 0 4 4
4665 2 2269 1134 0 1 1
4666 131 2269 1134 0 2 7
4667 129 2269 1134 0 5 8
4668 1 1204 963 0 6 1
4669 4 1204 963 0 2 8
4670 1 1204 963 0 6 11
4671 66 1204 963 0 5 2
4672 1 1204 963 0 2 2
4673 1 1204 963 0 6 10
4674 2 1204 963 1 3 1
4675 2 1204 963 0 1 6
4676 1 1204 963 0 5 9
4677 87 1202 841 0 2 12
4678 210 1202 841 0 4 9
4679 142 1202 841 0 4 7
4680 168 1202 841 0 4 13
4681 59 1202 841 0 2 5
4682 1 1202 841 0 6 7
4683 2 1202 841 0 1 1
4684 1 1202 841 0 3 1
4685 104 1202 841 0 3 5
4686 1 1299 779 0 3 3
4687 2 1299 779 0 1 4
4688 1 1299 779 0 5 6
4689 95 1299 779 0 2 9
4690 2 1299 779 0 4 7
4691 153 1299 779 0 3 2
4692 6 1299 779 0 6 6
4693 70 1299 779 0 6 7
4694 1 1299 779 0 5 8
4695 4 2455 1473 0 1 7
4696 6 1199 599 0 2 10
4697 2 1009 807 1 1 11
4698 2 1181 708 0 4 8
4699 2 909 727 0 6 4
4700 1 1057 528 0 6 8
4701 1 1191 952 0 5 2
4702 129 1731 1211 0 3 9
4703 1 1230 984 0 2 13
4704 2 1207 844 0 6 5
4705 2 1329 797 1 2 3
4706 2 1160 580 0 1 10
4707 17 1202 841 0 5 4
4708 143 1194 716 0 4 7
4709 3 1360 680 1 1 9
4710 86 986 493 1 2 6
4711 1 1284 770 0 2 13
4712 2 831 664 0 6 4
4713 1 1142 913 0 1 8
4714 4 1430 1001 0 1 5
4715 3 1923 1346 1 2 10
4716 3 1006 503 1 4 8
4717 1 2154 1507 0 6 13
4718 4 1208 845 0 1 6