13500 2440
1584 1 1345 1076 0 6 4
1585 1 1345 1076 0 2 7
1586 5 1345 1076 0 1 3
1587 1 1345 1076 0 2 3
1588 2 1961 980 1 2 2
1589 54 1961 980 0 4 2
1590 2 1961 980 1 5 3
1591 1 1961 980 0 1 3
1592 1 1178 942 0 3 7
1593 116 1178 942 0 4 7
1594 4 1178 942 0 1 8
1595 201 1178 942 0 2 6
1596 154 1034 827 0 6 1
1597 2 1034 827 1 3 2
1598 2 1034 827 0 2 8
1599 112 1034 827 1 4 1
1600 2 2463 1724 0 6 4
1601 5 2463 1724 1 5 8
1602 1 2463 1724 0 4 10
1603 2 2463 1724 0 4 12
1604 2 1177 941 1 6 8
1605 1 1177 941 0 6 7
1606 4 1177 941 0 2 9
1607 1 1177 941 0 1 3
1608 1 1618 809 0 4 2
1609 203 1194 835 0 3 1
1610 2 1383 829 0 4 5
1611 3 1414 848 0 2 8
1612 2 1169 584 0 1 12
1613 35 1161 696 0 2 7
1614 152 2347 1173 0 2 3
1615 1 1419 993 0 2 5
1616 1 1160 928 0 3 10
1617 2 1175 940 0 2 10
1618 10 1103 551 0 1 8
1619 4 1204 722 1 4 9
1620 1 2285 1828 0 4 9
1621 107 2047 1023 0 3 4
1622 124 1381 1104 0 5 3