13500 2440
2643 1 1831 1098 0 2 13
2644 5 1831 1098 0 4 9
2645 3 1831 1098 1 3 1
2646 35 1831 1098 0 2 13
2647 104 1831 1098 0 3 10
2648 4 1831 1098 0 4 9
2649 1 1831 1098 0 4 3
2650 2 1403 982 0 6 10
2651 1 1403 982 0 1 5
2652 60 1403 982 0 5 13
2653 1 1403 982 0 1 7
2654 133 1403 982 0 1 6
2655 1 1403 982 0 1 11
2656 179 1403 982 0 3 1
2657 5 876 525 0 4 9
2658 126 876 525 0 2 12
2659 2 876 525 0 1 3
2660 3 876 525 0 3 3
2661 12 876 525 0 1 3
2662 1 876 525 1 1 2
2663 2 876 525 0 5 2
2664 1 833 666 1 1 5
2665 197 833 666 0 6 11
2666 1 833 666 0 1 9
2667 172 833 666 0 6 3
2668 173 833 666 0 3 13
2669 112 833 666 0 6 9
2670 5 833 666 0 1 10
2671 3 1248 998 0 6 8
2672 1 1248 998 0 3 10
2673 153 1248 998 0 6 6
2674 2 1248 998 0 5 7
2675 2 1248 998 1 6 10
2676 5 1248 998 0 4 1
2677 146 1248 998 0 1 3
2678 1 1713 1370 1 1 13
2679 1 1713 1370 0 3 12
2680 81 1713 1370 0 3 12
2681 4 1713 1370 0 3 10
2682 139 1713 1370 0 6 13
2683 1 1713 1370 0 6 11
2684 155 1713 1370 0 5 13
2685 67 800 560 0 2 6
2686 1 1395 1116 0 4 12
2687 1 1377 963 1 2 8
2688 1 1624 1299 0 4 11
2689 191 816 652 0 3 10
2690 183 1399 1119 1 2 4
2691 1 1198 838 0 4 4
2692 1 1453 726 0 2 1
2693 1 1207 724 0 5 1
2694 1 1442 1153 0 3 1
2695 2 1197 598 0 1 1
2696 2 1338 669 1 6 10
2697 1 1056 844 0 2 13
2698 2 931 651 1 5 1
2699 3 1235 988 0 4 10
2700 2 983 491 0 6 8
2701 4 1341 670 0 2 4
2702 3 814 651 0 1 8