13500 2440
0 2 791 395 0 4 4
1 1 791 395 0 3 11
2 207 791 395 0 2 13
3 2 791 395 1 5 13
4 4 791 395 0 1 7
5 217 791 395 0 4 2
6 2 791 395 0 2 8
7 4 791 395 0 6 10
8 195 791 395 0 4 11
9 1 791 395 0 5 4
10 6 791 395 1 2 6
11 1 1171 936 0 6 8
12 2 1171 936 0 6 11
13 149 1171 936 0 3 12
14 6 1171 936 0 1 6
15 4 1171 936 0 4 13
16 122 1171 936 0 6 8
17 1 1171 936 0 4 6
18 4 1171 936 0 5 6
19 181 1171 936 1 3 4
20 5 1171 936 0 5 2
21 1 1171 936 0 5 8
22 2 1499 749 0 1 4
23 93 1499 749 1 2 3
24 107 1499 749 1 3 5
25 1 1499 749 0 1 11
26 91 1499 749 0 3 10
27 1 1499 749 0 6 9
28 2 1499 749 0 2 4
29 2 1499 749 0 1 3
30 144 1499 749 0 4 12
31 1 1499 749 0 6 10
32 1 1499 749 0 4 11
33 127 2539 1777 0 6 1
34 1 2539 1777 0 6 8
35 1 2539 1777 0 5 5
36 1 2539 1777 0 2 9
37 4 2539 1777 0 6 10
38 1 2539 1777 0 3 13
39 1 2539 1777 0 6 6
40 1 2539 1777 1 1 2
41 1 2539 1777 0 4 2
42 1 2539 1777 0 3 1
43 121 2539 1777 0 6 5
44 1 1056 633 1 2 5
45 1 1056 633 0 3 1
46 1 1056 633 0 1 11
47 2 1056 633 1 1 12
48 2 1056 633 0 5 1
49 107 1056 633 0 2 12
50 2 1056 633 0 2 8
51 3 1056 633 0 5 10
52 1 1056 633 1 2 12
53 1 1056 633 0 1 5
54 2 1056 633 0 6 11
55 1 892 446 0 6 8
56 4 892 446 0 6 4
57 1 892 446 0 2 12
58 80 892 446 0 6 2
59 1 892 446 0 3 11
60 183 892 446 0 2 8
61 1 892 446 0 6 12
62 5 892 446 0 1 8
63 3 892 446 0 2 1
64 5 892 446 0 3 12
65 2 892 446 0 3 8
66 1 1160 812 0 6 6
67 2 1270 1016 1 3 1
68 2 1187 593 0 5 3
69 1 1376 1100 0 2 3
70 2 1231 615 0 5 11
71 6 825 577 0 5 12
72 1 1180 708 0 2 3
73 1 1396 1116 0 6 7
74 1 922 737 1 4 7
75 59 1210 847 1 2 5
76 1 1783 1069 0 2 3
77 151 2149 1719 0 4 8
78 90 2171 1302 0 2 8
79 1 1162 813 0 5 6
80 3 1326 663 0 1 2
81 210 2399 1679 0 6 1
82 3 2438 1462 0 2 5
83 6 1356 813 0 3 11
84 1 1265 1012 0 1 2
85 2 1168 817 0 5 5
86 1 1782 1425 0 3 5
87 1 2023 1213 0 1 2
88 1 1236 865 1 2 7