13500 2440
4362 116 1234 863 0 5 12
4363 1 1234 863 0 3 8
4364 2 1234 863 0 5 1
4365 1 1082 865 0 5 1
4366 50 1082 865 0 4 5
4367 1 1082 865 0 4 13
4368 1 1164 698 0 1 7
4369 2 1164 698 1 3 1
4370 2 1164 698 1 1 12
4371 56 2482 1985 1 2 3
4372 3 2482 1985 0 4 10
4373 1 2482 1985 0 1 4
4374 4 1185 948 1 2 2
4375 1 1185 948 0 5 8
4376 6 1185 948 0 6 8
4377 2 2276 1820 0 5 8
4378 2 2276 1820 0 6 8
4379 1 2276 1820 0 2 6
4380 1 2182 1527 0 3 12
4381 2 1077 646 0 5 9
4382 73 1195 956 0 6 1
4383 2 1753 1402 1 2 7
4384 54 1027 513 0 4 10
4385 2 1768 1414 0 1 11
4386 1 1189 594 0 1 7
4387 5 1195 597 0 3 10
4388 1 1340 1072 0 1 1