13500 2440
1271 2 1440 720 0 6 1
1272 164 1440 720 0 4 11
1273 6 1440 720 0 6 3
1274 1 1440 720 0 3 11
1275 65 1373 1098 0 4 4
1276 1 1373 1098 0 4 5
1277 2 1373 1098 1 6 9
1278 2 1373 1098 0 5 13
1279 194 1299 779 0 3 3
1280 1 1299 779 0 4 3
1281 1 1299 779 0 5 4
1282 1 1299 779 0 2 2
1283 61 1165 815 0 4 10
1284 1 1165 815 0 5 5
1285 2 1165 815 1 3 10
1286 4 1165 815 0 1 7
1287 3 1170 819 0 3 10
1288 5 1170 819 0 1 9
1289 2 1170 819 0 3 9
1290 109 1170 819 0 4 2
1291 131 1273 891 0 5 8
1292 1 1273 891 0 2 11
1293 1 1273 891 0 6 5
1294 1 1273 891 0 6 8
1295 14 1058 846 0 2 7
1296 1 2506 2004 0 4 4
1297 5 1409 845 0 2 7
1298 1 1172 820 1 4 12
1299 2 1167 700 0 4 1
1300 1 1901 950 0 4 10
1301 107 1231 984 0 3 1
1302 1 1385 969 0 1 9
1303 5 1178 706 0 3 7
1304 1 2098 1468 0 4 5
1305 20 1075 752 0 3 11
1306 148 1432 716 0 4 4
1307 1 1369 1095 0 2 1
1308 1 1322 793 0 4 11
1309 1 1329 664 0 1 1