13500 2440
3822 1 1200 960 0 2 2
3823 1 1200 960 0 3 1
3824 154 1200 960 0 1 3
3825 190 1200 960 0 5 2
3826 1 1200 960 0 5 9
3827 2 1200 960 1 2 7
3828 1 942 659 0 5 9
3829 4 942 659 0 4 12
3830 1 942 659 0 3 3
3831 201 942 659 1 5 6
3832 70 942 659 0 2 2
3833 6 942 659 0 2 10
3834 120 1262 631 0 2 2
3835 155 1262 631 0 5 3
3836 11 1262 631 0 1 9
3837 1 1262 631 0 6 11
3838 67 1262 631 1 4 3
3839 1 1262 631 0 4 1
3840 3 813 650 0 3 2
3841 68 813 650 0 3 8
3842 1 813 650 0 2 5
3843 1 813 650 1 4 9
3844 1 813 650 0 6 6
3845 2 813 650 1 2 8
3846 212 1202 601 0 1 3
3847 148 1202 601 0 5 12
3848 4 1202 601 1 5 7
3849 6 1202 601 1 6 6
3850 1 1202 601 0 2 11
3851 1 1202 601 0 2 10
3852 2 1730 1384 0 5 4
3853 1 1730 1384 0 4 12
3854 1 1730 1384 0 3 10
3855 3 1730 1384 0 2 2
3856 3 1730 1384 0 6 2
3857 124 1730 1384 0 1 8
3858 1 1148 688 1 5 2
3859 4 1202 721 0 2 1
3860 2 1215 607 0 3 5
3861 6 915 457 0 5 4
3862 138 816 489 0 5 10
3863 74 1472 883 0 6 1
3864 2 1746 1396 1 2 12
3865 1 829 414 0 2 13
3866 1 852 596 1 4 8
3867 5 1204 842 0 2 1
3868 93 1118 670 0 2 1
3869 1 1421 1136 1 5 13