13500 2440
1018 2 1452 1016 0 5 8
1019 1 1452 1016 0 6 2
1020 1 1452 1016 0 2 5
1021 137 1452 1016 1 3 2
1022 7 1452 1016 0 1 7
1023 62 1855 1298 0 1 6
1024 1 1855 1298 1 6 3
1025 3 1855 1298 0 3 4
1026 1 1855 1298 0 6 5
1027 192 1855 1298 1 3 4
1028 2 1206 723 0 2 4
1029 1 1206 723 0 3 5
1030 3 1206 723 0 3 1
1031 146 1206 723 0 6 3
1032 1 1206 723 0 6 12
1033 130 1175 587 0 5 1
1034 1 1175 587 0 3 2
1035 2 1175 587 0 2 1
1036 163 1175 587 0 2 1
1037 2 1175 587 0 1 4
1038 4 1383 691 0 4 11
1039 174 1383 691 0 2 1
1040 1 1383 691 0 1 5
1041 2 1383 691 1 2 3
1042 1 1383 691 0 4 4
1043 106 1459 1167 0 2 11
1044 101 1459 1167 0 2 12
1045 5 1459 1167 0 3 3
1046 2 1459 1167 0 4 10
1047 183 1459 1167 1 6 6
1048 1 2412 1447 0 2 6
1049 2 1204 842 0 1 8
1050 1 1239 867 0 5 1
1051 2 2299 1379 0 2 10
1052 2 1110 777 0 5 10
1053 207 1514 908 0 3 2
1054 106 1053 526 0 2 13
1055 5 1057 634 0 1 4
1056 6 1237 989 0 1 13
1057 5 1234 617 0 6 4
1058 117 1212 727 0 1 2