13500 2440
746 2 2492 1246 0 1 12
747 1 2492 1246 0 5 3
748 98 2492 1246 0 3 7
749 5 2492 1246 0 4 8
750 1 2492 1246 0 1 3
751 1 2492 1246 0 3 6
752 1 2492 1246 0 1 7
753 1 2492 1246 1 5 9
754 1 2492 1246 0 3 7
755 1 2492 1246 0 6 13
756 46 939 657 0 2 4
757 2 939 657 0 5 4
758 198 939 657 0 6 8
759 218 939 657 0 5 3
760 4 939 657 0 3 7
761 21 939 657 0 2 8
762 173 939 657 0 6 5
763 1 939 657 0 1 7
764 1 939 657 0 5 5
765 1 939 657 0 2 1
766 2 1183 946 0 1 3
767 160 1183 946 0 5 3
768 2 1183 946 0 4 11
769 1 1183 946 0 4 13
770 151 1183 946 0 6 6
771 1 1183 946 1 4 12
772 59 1183 946 0 3 12
773 1 1183 946 0 5 13
774 1 1183 946 1 5 4
775 4 1183 946 0 4 4
776 1 1337 802 1 1 2
777 2 1337 802 0 4 1
778 34 1337 802 0 5 6
779 2 1337 802 0 5 13
780 1 1337 802 0 6 13
781 11 1337 802 0 4 10
782 1 1337 802 0 1 12
783 208 1337 802 0 2 9
784 6 1337 802 0 2 4
785 62 1337 802 1 1 1
786 1 1167 700 0 6 12
787 4 1167 700 0 4 13
788 1 1167 700 0 5 6
789 1 1167 700 0 3 11
790 209 1167 700 0 3 10
791 1 1167 700 0 3 11
792 201 1167 700 0 1 6
793 2 1167 700 0 5 6
794 4 1167 700 0 1 1
795 5 1167 700 0 1 6
796 4 1412 1129 0 1 12
797 68 1412 1129 0 6 7
798 1 1412 1129 0 5 3
799 5 1412 1129 0 6 9
800 1 1412 1129 0 1 10
801 1 1412 1129 0 1 8
802 1 1412 1129 0 6 2
803 2 1412 1129 0 3 3
804 34 1412 1129 0 4 1
805 1 1412 1129 1 6 2
806 1 1212 727 1 5 12
807 25 1329 1063 0 5 9
808 2 1836 918 0 6 2
809 217 1314 1051 0 1 11
810 119 1049 629 0 1 1
811 1 2115 1057 0 1 8
812 1 2359 1415 0 3 4
813 1 1399 1119 0 1 7
814 1 1243 621 1 3 2
815 1 1198 958 1 3 5
816 1 816 652 0 6 8
817 6 884 707 0 4 3
818 92 834 417 0 4 9
819 1 1401 840 0 3 10
820 1 2306 1614 0 6 3
821 2 946 567 0 4 8
822 2 1368 957 0 5 11
823 1 1189 594 0 2 13
824 1 2347 1642 1 3 1
825 73 1274 637 0 3 7
826 1 1089 871 0 1 9
827 92 1207 844 0 2 11
828 1 1240 868 0 3 9
829 131 1040 624 0 3 2
830 1 1369 1095 1 5 4