13500 2440
1494 1 1207 603 0 2 6
1495 30 1207 603 0 4 3
1496 1 1207 603 1 4 5
1497 2 1207 603 0 1 1
1498 2 1207 603 0 2 3
1499 4 1207 603 0 4 6
1500 2 1207 603 0 2 9
1501 35 1207 603 0 1 9
1502 3 1207 603 0 6 6
1503 165 1207 603 1 6 4
1504 6 1207 603 0 1 3
1505 46 1145 687 0 6 5
1506 1 1145 687 0 2 12
1507 2 1145 687 0 1 5
1508 55 1145 687 0 1 6
1509 1 1145 687 0 6 13
1510 4 1145 687 0 3 12
1511 6 1145 687 0 3 1
1512 5 1145 687 0 4 1
1513 1 1145 687 0 2 12
1514 4 1145 687 0 2 5
1515 1 1145 687 0 5 13
1516 7 1174 587 0 2 10
1517 1 1174 587 0 6 7
1518 91 1174 587 0 3 2
1519 2 1174 587 0 4 9
1520 5 1174 587 0 2 4
1521 4 1174 587 1 2 13
1522 37 1174 587 0 6 10
1523 199 1174 587 0 4 12
1524 1 1174 587 0 4 5
1525 1 1174 587 0 6 5
1526 1 1174 587 0 6 5
1527 163 2239 1343 0 6 2
1528 1 2239 1343 1 3 3
1529 1 2239 1343 1 3 4
1530 2 2239 1343 0 3 5
1531 101 2239 1343 0 6 4
1532 1 2239 1343 0 6 8
1533 2 2239 1343 0 4 12
1534 3 2239 1343 1 1 6
1535 1 2239 1343 0 4 10
1536 5 2239 1343 0 4 7
1537 4 2239 1343 0 5 7
1538 2 800 560 0 4 3
1539 1 800 560 0 6 13
1540 1 800 560 0 2 7
1541 1 800 560 0 6 12
1542 1 800 560 0 2 4
1543 1 800 560 0 5 5
1544 1 800 560 1 4 13
1545 1 800 560 0 3 13
1546 5 800 560 0 6 13
1547 2 800 560 0 1 3
1548 19 800 560 1 3 13
1549 5 1372 686 0 1 3
1550 1 1372 686 0 4 3
1551 141 1372 686 0 1 6
1552 1 1372 686 0 6 12
1553 2 1372 686 0 3 6
1554 1 1372 686 0 6 13
1555 1 1372 686 0 2 6
1556 90 1372 686 0 1 6
1557 1 1372 686 0 6 1
1558 218 1372 686 0 1 11
1559 1 1372 686 0 2 10
1560 6 1759 1055 0 1 4
1561 11 1510 755 0 1 5
1562 127 1403 1122 0 6 11
1563 1 2511 2008 0 1 2
1564 1 1103 772 0 1 2
1565 1 1568 1097 0 2 3
1566 1 2258 1580 0 3 13
1567 1 1127 563 0 3 10
1568 4 1206 723 1 5 6
1569 76 2548 2038 0 4 12
1570 6 2483 1738 0 6 2
1571 1 1210 726 0 1 5
1572 1 1185 829 0 1 11
1573 69 872 436 0 4 6
1574 1 1021 612 0 4 4
1575 4 1417 850 0 2 9
1576 2 928 649 0 5 12
1577 4 1301 1040 0 1 4
1578 47 1301 650 0 4 12
1579 1 1214 728 0 4 11
1580 2 1180 826 1 4 11
1581 2 1440 1008 0 2 3
1582 191 1716 1029 0 5 11
1583 1 1271 635 0 1 7