13500 2440
3870 1 1876 1125 0 1 10
3871 5 1876 1125 0 1 9
3872 163 1876 1125 0 3 7
3873 1 1876 1125 0 1 9
3874 1 1876 1125 0 1 12
3875 4 1876 1125 0 1 10
3876 3 1876 1125 0 6 6
3877 2 1449 869 0 1 12
3878 6 1449 869 0 6 11
3879 1 1449 869 0 5 7
3880 1 1449 869 0 5 10
3881 6 1449 869 0 2 2
3882 163 1449 869 0 5 6
3883 81 1449 869 0 3 2
3884 59 865 432 0 3 5
3885 6 865 432 0 1 6
3886 164 865 432 0 2 12
3887 2 865 432 0 5 2
3888 17 865 432 0 1 12
3889 1 865 432 0 4 11
3890 1 865 432 0 4 13
3891 1 1297 648 0 1 10
3892 1 1297 648 1 3 5
3893 4 1297 648 0 6 5
3894 3 1297 648 0 6 11
3895 1 1297 648 0 6 10
3896 141 1297 648 0 6 11
3897 29 1297 648 1 6 9
3898 100 970 679 0 5 13
3899 6 970 679 0 1 10
3900 125 970 679 0 3 3
3901 2 970 679 0 3 10
3902 6 970 679 0 2 9
3903 2 970 679 0 4 8
3904 6 970 679 1 1 4
3905 4 2169 1301 0 2 11
3906 1 2169 1301 0 3 8
3907 1 2169 1301 1 2 12
3908 149 2169 1301 0 5 4
3909 5 2169 1301 0 1 4
3910 86 2169 1301 0 5 4
3911 4 2169 1301 0 5 7
3912 1 1190 833 0 6 3
3913 1 1998 1198 0 1 12
3914 6 855 427 0 4 8
3915 2 1394 975 0 6 4
3916 3 1419 709 0 2 6
3917 179 1256 753 0 4 9
3918 134 1174 939 0 3 1
3919 1 1048 628 0 1 1
3920 1 1183 709 0 2 7
3921 1 1388 832 1 1 2
3922 68 1131 904 0 3 4
3923 1 1413 1130 0 3 2
3924 2 1042 833 0 2 11
3925 2 2558 1790 1 5 9
3926 3 789 473 0 1 10
3927 13 1304 782 0 2 5