13500 2440
609 6 1339 669 0 3 5
610 2 1339 669 0 6 8
611 87 1339 669 0 1 3
612 211 1339 669 0 4 9
613 1 1339 669 0 3 5
614 1 1339 669 0 6 2
615 120 1339 669 0 5 11
616 1 1339 669 0 6 2
617 5 1339 669 0 4 3
618 1 1339 669 0 1 3
619 103 1211 726 0 5 12
620 1 1211 726 0 5 1
621 1 1211 726 0 5 6
622 1 1211 726 0 4 8
623 9 1211 726 1 1 1
624 120 1211 726 0 4 6
625 1 1211 726 0 6 4
626 4 1211 726 0 6 5
627 1 1211 726 0 3 4
628 3 1211 726 0 4 8
629 1 1473 883 0 5 4
630 2 1473 883 0 1 11
631 1 1473 883 0 3 13
632 213 1473 883 0 3 2
633 195 1473 883 0 3 1
634 1 1473 883 0 5 2
635 32 1473 883 0 5 11
636 25 1473 883 0 3 6
637 207 1473 883 0 2 11
638 5 1473 883 0 1 12
639 1 1461 876 0 1 2
640 2 1461 876 0 2 8
641 3 1461 876 0 1 1
642 199 1461 876 0 2 7
643 1 1461 876 0 3 1
644 2 1461 876 0 2 6
645 4 1461 876 0 3 13
646 2 1461 876 0 2 9
647 2 1461 876 0 5 6
648 1 1461 876 0 4 9
649 1 1204 842 0 1 8
650 1 1204 842 0 5 8
651 6 1204 842 0 1 4
652 97 1204 842 0 3 3
653 6 1204 842 0 5 1
654 2 1204 842 0 2 10
655 2 1204 842 0 5 6
656 6 1204 842 0 2 7
657 1 1204 842 1 6 10
658 1 1204 842 1 2 6
659 1 1267 1013 1 6 2
660 3 1267 1013 0 6 7
661 1 1267 1013 1 6 10
662 1 1267 1013 0 1 12
663 3 1267 1013 0 5 10
664 179 1267 1013 0 1 10
665 75 1267 1013 0 2 12
666 104 1267 1013 0 2 12
667 1 1267 1013 1 6 13
668 1 1267 1013 0 6 7
669 1 1455 1018 0 6 10
670 1 927 648 0 4 6
671 2 2174 1087 0 3 6
672 6 1178 589 0 6 5
673 4 1791 1074 0 5 12
674 6 1202 841 0 3 9
675 84 1182 709 0 5 7
676 1 1306 783 0 2 8
677 5 1311 655 0 1 13
678 11 1239 991 0 4 2
679 2 1162 697 0 6 3
680 1 1178 589 0 6 7
681 200 1312 1049 0 2 7
682 210 890 445 0 4 2
683 6 1406 703 0 6 13
684 46 1193 715 0 3 13
685 2 1221 732 0 6 11
686 1 1438 1006 0 6 1
687 1 916 641 0 6 2
688 3 1343 1074 1 5 7
689 1 1173 703 0 4 2