13500 2440
936 214 1777 1243 0 4 1
937 2 1777 1243 0 2 13
938 1 1777 1243 0 5 12
939 2 1777 1243 0 2 4
940 4 1777 1243 0 3 1
941 6 1210 968 0 4 12
942 1 1210 968 0 4 10
943 1 1210 968 1 6 1
944 1 1210 968 0 4 4
945 2 1210 968 0 3 11
946 155 2351 1880 0 1 6
947 2 2351 1880 1 4 7
948 1 2351 1880 0 5 4
949 1 2351 1880 0 1 6
950 165 2351 1880 0 2 7
951 2 1288 772 0 2 6
952 1 1288 772 0 4 9
953 1 1288 772 0 2 3
954 1 1288 772 0 4 7
955 1 1288 772 0 4 4
956 4 2192 1096 0 2 9
957 97 2192 1096 0 4 2
958 1 2192 1096 0 6 3
959 3 2192 1096 0 1 12
960 1 2192 1096 0 6 8
961 1 1772 886 0 6 1
962 1 1772 886 0 3 11
963 151 1772 886 0 3 12
964 2 1772 886 0 2 13
965 1 1772 886 0 1 3
966 3 1087 652 0 2 9
967 2 965 675 0 3 1
968 1 1808 1265 0 4 4
969 1 1984 992 0 5 8
970 41 1331 1064 0 6 6
971 1 2502 1751 0 2 10
972 1 1311 917 0 5 10
973 1 1187 830 0 2 6
974 120 1904 1142 0 3 1
975 5 819 655 0 4 2