13500 2440
2407 50 1550 930 0 6 13
2408 1 1550 930 0 4 13
2409 197 1550 930 1 6 7
2410 1 1550 930 0 1 5
2411 2 1550 930 0 1 3
2412 84 1550 930 0 6 3
2413 5 1550 930 0 3 5
2414 1 1022 511 0 1 8
2415 3 1022 511 0 4 2
2416 192 1022 511 0 4 9
2417 110 1022 511 0 6 10
2418 2 1022 511 0 3 9
2419 1 1022 511 0 5 4
2420 3 1022 511 0 5 6
2421 1 1197 837 0 2 7
2422 1 1197 837 0 3 8
2423 1 1197 837 0 6 11
2424 1 1197 837 0 4 8
2425 181 1197 837 0 5 6
2426 5 1197 837 0 2 4
2427 1 1197 837 0 6 5
2428 1 961 768 0 1 1
2429 5 961 768 1 4 9
2430 1 961 768 0 5 13
2431 1 961 768 1 4 10
2432 1 961 768 0 3 3
2433 6 961 768 0 4 13
2434 1 961 768 0 5 1
2435 1 1280 896 0 3 13
2436 1 1280 896 0 3 9
2437 1 1280 896 1 6 3
2438 4 1280 896 0 2 3
2439 1 1280 896 1 1 12
2440 1 1280 896 0 3 4
2441 1 1280 896 0 5 13
2442 2 1387 832 0 4 9
2443 110 1387 832 0 1 11
2444 1 1387 832 0 4 5
2445 5 1387 832 0 4 6
2446 1 1387 832 0 6 11
2447 1 1387 832 0 3 10
2448 22 1387 832 0 1 11
2449 110 2089 1253 0 2 5
2450 61 1182 591 0 6 2
2451 1 1306 914 1 6 9
2452 5 1188 831 0 3 1
2453 123 1183 828 0 5 3
2454 2 2113 1267 0 6 11
2455 61 1223 856 0 3 6
2456 1 2461 1476 0 3 6
2457 2 1401 980 0 2 2
2458 79 1272 763 0 3 12
2459 103 1416 849 0 5 11
2460 6 1580 1264 0 5 7
2461 1 1117 558 1 6 8
2462 5 1208 604 0 3 9
2463 2 1334 1067 0 6 4
2464 5 1173 821 0 2 9
2465 1 1170 702 0 1 4
2466 1 1171 585 0 6 5